time	DeviceName	AccX(g)	AccY(g)	AccZ(g)	AsX(°/s)	AsY(°/s)	AsZ(°/s)	AngleX(°)	AngleY(°)	AngleZ(°)	HX(uT)	HY(uT)	HZ(uT)	Q0()	Q1()	Q2()	Q3()	Temperature(°C)	Version()	Battery level(%)
2024-10-20 13:42:13:407	WT901BLE68(D1:B7:24:41:63:E6)	0.011	-0.014	1.014	0.000	0.000	0.000	-0.81	-0.74	-12.08	-49.098	32.830	-125.244	0.99435	-0.00778	-0.00571	-0.10532	26.3	13111	100
2024-10-20 13:42:13:519	WT901BLE68(D1:B7:24:41:63:E6)	-0.070	-0.015	1.013	0.366	0.793	78.552	-0.62	-0.70	-10.11	-49.098	32.830	-125.244	0.99435	-0.00778	-0.00571	-0.10532	26.3	13111	100
2024-10-20 13:42:13:609	WT901BLE68(D1:B7:24:41:63:E6)	-0.035	-0.198	1.013	2.869	-0.732	-24.292	-0.76	-0.70	-7.99	-49.098	32.830	-125.244	0.99765	-0.00531	-0.00552	-0.06760	26.3	13111	100
2024-10-20 13:42:13:721	WT901BLE68(D1:B7:24:41:63:E6)	0.067	-0.026	1.016	-11.719	-0.793	19.897	-0.80	-0.67	-6.98	-49.098	32.830	-125.244	0.99765	-0.00531	-0.00552	-0.06760	26.3	13111	100
2024-10-20 13:42:13:812	WT901BLE68(D1:B7:24:41:63:E6)	-0.125	-0.046	1.026	4.456	5.920	5.066	-0.55	-0.44	-4.86	-48.804	29.302	-126.812	0.99765	-0.00531	-0.00552	-0.06760	26.3	13111	100
2024-10-20 13:42:13:924	WT901BLE68(D1:B7:24:41:63:E6)	-0.261	-0.092	1.133	-19.165	43.274	9.155	-3.35	2.42	-5.03	-48.804	29.302	-126.812	0.99765	-0.00531	-0.00552	-0.06760	26.3	13111	100
2024-10-20 13:42:14:16	WT901BLE68(D1:B7:24:41:63:E6)	-0.422	-0.031	1.118	-1.892	75.562	6.592	-3.88	8.11	-4.93	-48.804	29.302	-126.812	0.99146	-0.03479	0.11874	-0.04022	26.3	13111	100
2024-10-20 13:42:14:128	WT901BLE68(D1:B7:24:41:63:E6)	-0.315	0.058	0.996	-36.621	108.215	5.249	-6.05	17.33	-5.52	-48.804	29.302	-126.812	0.99146	-0.03479	0.11874	-0.04022	26.3	13111	100
2024-10-20 13:42:14:198	WT901BLE68(D1:B7:24:41:63:E6)	-0.521	-0.170	0.856	-51.331	71.594	-51.880	-9.86	27.20	-9.64	-52.626	17.934	-118.482	0.99146	-0.03479	0.11874	-0.04022	26.3	13111	100
2024-10-20 13:42:14:332	WT901BLE68(D1:B7:24:41:63:E6)	-0.741	-0.199	0.734	-50.598	105.713	-38.330	-16.75	35.57	-14.12	-52.626	17.934	-118.482	0.99146	-0.03479	0.11874	-0.04022	26.3	13111	100
2024-10-20 13:42:14:423	WT901BLE68(D1:B7:24:41:63:E6)	-0.815	-0.310	0.583	-51.025	247.986	49.377	-29.72	50.69	-25.48	-52.626	17.934	-118.482	0.99146	-0.03479	0.11874	-0.04022	26.3	13111	100
2024-10-20 13:42:14:534	WT901BLE68(D1:B7:24:41:63:E6)	-1.018	-0.061	0.168	38.696	119.812	66.833	-25.89	73.91	-26.83	-52.626	17.934	-118.482	0.76022	-0.03589	0.64587	-0.05930	26.3	13111	100
2024-10-20 13:42:14:600	WT901BLE68(D1:B7:24:41:63:E6)	-1.220	-0.305	0.016	-29.236	110.718	-96.069	-88.44	78.28	-90.12	-52.626	17.934	-118.482	0.76022	-0.03589	0.64587	-0.05930	26.3	13111	100
2024-10-20 13:42:14:736	WT901BLE68(D1:B7:24:41:63:E6)	-0.802	-0.207	-0.234	-145.020	138.672	84.106	-129.45	72.89	-129.69	-23.618	16.464	-75.950	0.76022	-0.03589	0.64587	-0.05930	26.3	13111	100
2024-10-20 13:42:14:803	WT901BLE68(D1:B7:24:41:63:E6)	-0.330	-0.012	-0.476	58.838	264.526	133.728	-179.51	60.41	174.70	-23.618	16.464	-75.950	0.76022	-0.03589	0.64587	-0.05930	26.3	13111	100
2024-10-20 13:42:14:939	WT901BLE68(D1:B7:24:41:63:E6)	-0.146	0.021	-0.964	139.282	166.565	-68.237	-165.17	32.56	171.56	-23.618	16.464	-75.950	0.22238	0.10257	0.95175	-0.18457	26.3	13111	100
2024-10-20 13:42:15:8	WT901BLE68(D1:B7:24:41:63:E6)	-0.058	-0.360	-0.831	69.702	120.300	-35.095	-154.00	19.37	171.95	-23.618	16.464	-75.950	0.22238	0.10257	0.95175	-0.18457	26.3	13111	100
2024-10-20 13:42:15:142	WT901BLE68(D1:B7:24:41:63:E6)	-0.004	-0.130	-0.960	-345.642	35.278	44.861	-169.95	10.33	171.90	-58.212	11.956	-35.084	0.22238	0.10257	0.95175	-0.18457	26.3	13111	100
2024-10-20 13:42:15:210	WT901BLE68(D1:B7:24:41:63:E6)	-0.060	0.053	-1.025	-118.042	0.977	54.199	174.52	9.35	173.24	-58.212	11.956	-35.084	0.22238	0.10257	0.95175	-0.18457	26.3	13111	100
2024-10-20 13:42:15:364	WT901BLE68(D1:B7:24:41:63:E6)	-0.116	0.082	-0.987	294.556	-25.574	10.010	177.47	8.85	172.76	-58.212	11.956	-35.084	0.08087	0.05960	0.99255	-0.06799	26.3	13111	100
2024-10-20 13:42:15:412	WT901BLE68(D1:B7:24:41:63:E6)	-0.000	-0.341	-0.928	333.801	-16.724	-7.751	-154.82	9.65	175.48	-58.212	11.956	-35.084	0.08087	0.05960	0.99255	-0.06799	26.3	13111	100
2024-10-20 13:42:15:579	WT901BLE68(D1:B7:24:41:63:E6)	0.087	-0.613	-0.728	-99.731	75.989	-49.866	-143.57	4.79	178.46	-65.758	32.536	-33.516	0.08087	0.05960	0.99255	-0.06799	26.3	13111	100
2024-10-20 13:42:15:613	WT901BLE68(D1:B7:24:41:63:E6)	0.306	-0.701	-0.562	99.365	111.633	12.634	-147.65	-4.78	-179.70	-65.758	32.536	-33.516	0.08087	0.05960	0.99255	-0.06799	26.3	13111	100
2024-10-20 13:42:15:779	WT901BLE68(D1:B7:24:41:63:E6)	0.398	-0.723	-0.650	53.528	-5.737	6.592	-135.87	-9.27	178.10	-65.758	32.536	-33.516	-0.08987	-0.04544	0.92328	-0.37051	26.3	13111	100
2024-10-20 13:42:15:816	WT901BLE68(D1:B7:24:41:63:E6)	0.842	-0.800	-0.569	-185.303	176.697	-172.485	-149.21	-30.23	-170.61	-65.758	32.536	-33.516	-0.08987	-0.04544	0.92328	-0.37051	26.3	13111	100
2024-10-20 13:42:15:951	WT901BLE68(D1:B7:24:41:63:E6)	0.842	-0.214	-0.811	-290.405	128.296	14.893	-167.13	-40.09	-166.31	-98.196	12.348	-44.198	-0.08987	-0.04544	0.92328	-0.37051	26.3	13111	100
2024-10-20 13:42:16:19	WT901BLE68(D1:B7:24:41:63:E6)	0.790	-0.018	-0.546	-195.618	37.720	125.488	-177.88	-46.04	-173.10	-98.196	12.348	-44.198	-0.08987	-0.04544	0.92328	-0.37051	26.3	13111	100
2024-10-20 13:42:16:190	WT901BLE68(D1:B7:24:41:63:E6)	0.870	-0.192	-0.581	62.927	-5.615	62.927	-172.29	-45.82	175.18	-98.196	12.348	-44.198	-0.39578	0.02548	0.91504	-0.07297	26.3	13111	100
2024-10-20 13:42:16:222	WT901BLE68(D1:B7:24:41:63:E6)	0.875	-0.260	-0.656	92.285	55.725	54.260	-156.52	-46.34	165.65	-98.196	12.348	-44.198	-0.39578	0.02548	0.91504	-0.07297	26.3	13111	100
2024-10-20 13:42:16:334	WT901BLE68(D1:B7:24:41:63:E6)	0.966	-0.362	-0.221	39.246	158.569	-6.775	-140.11	-57.41	154.78	-112.798	21.070	-62.328	-0.39578	0.02548	0.91504	-0.07297	26.3	13111	100
2024-10-20 13:42:16:437	WT901BLE68(D1:B7:24:41:63:E6)	0.733	-0.347	-0.102	40.955	177.063	-0.488	-120.53	-65.64	138.41	-112.798	21.070	-62.328	-0.39578	0.02548	0.91504	-0.07297	26.3	13111	100
2024-10-20 13:42:16:536	WT901BLE68(D1:B7:24:41:63:E6)	0.030	-0.250	0.555	83.435	228.333	3.723	-48.51	-65.08	71.62	-112.798	21.070	-62.328	-0.79953	-0.00140	0.52353	-0.29422	26.3	13111	100
2024-10-20 13:42:16:627	WT901BLE68(D1:B7:24:41:63:E6)	0.589	0.095	1.127	52.734	91.553	-5.493	-16.72	-41.63	44.63	-112.798	21.070	-62.328	-0.79953	-0.00140	0.52353	-0.29422	26.3	13111	100
2024-10-20 13:42:16:756	WT901BLE68(D1:B7:24:41:63:E6)	0.392	-0.258	0.894	38.696	173.096	-120.300	-12.23	-34.00	38.08	-92.806	10.192	-115.444	-0.79953	-0.00140	0.52353	-0.29422	26.3	13111	100
2024-10-20 13:42:16:833	WT901BLE68(D1:B7:24:41:63:E6)	0.075	0.069	1.014	27.771	29.541	-50.720	0.62	-27.78	31.47	-92.806	10.192	-115.444	-0.79953	-0.00140	0.52353	-0.29422	26.3	13111	100
2024-10-20 13:42:16:975	WT901BLE68(D1:B7:24:41:63:E6)	0.102	0.317	0.840	13.550	-8.789	-47.119	16.79	-23.02	17.91	-92.806	10.192	-115.444	-0.94022	-0.25363	0.16071	-0.16034	26.3	13111	100
2024-10-20 13:42:17:35	WT901BLE68(D1:B7:24:41:63:E6)	-0.070	0.559	0.844	125.122	48.340	-63.904	36.61	-18.40	11.09	-92.806	10.192	-115.444	-0.94022	-0.25363	0.16071	-0.16034	26.3	13111	100
2024-10-20 13:42:17:145	WT901BLE68(D1:B7:24:41:63:E6)	-0.281	0.945	0.563	447.510	303.772	-111.877	63.74	1.89	15.55	-64.288	-21.952	-72.030	-0.94022	-0.25363	0.16071	-0.16034	26.3	13111	100
2024-10-20 13:42:17:236	WT901BLE68(D1:B7:24:41:63:E6)	-0.214	0.969	-0.070	143.738	-54.993	5.005	94.00	5.52	18.07	-64.288	-21.952	-72.030	-0.94022	-0.25363	0.16071	-0.16034	26.3	13111	100
2024-10-20 13:42:17:346	WT901BLE68(D1:B7:24:41:63:E6)	-0.170	0.698	-0.659	711.548	7.202	303.955	128.18	-1.92	7.22	-64.288	-21.952	-72.030	-0.44452	-0.89291	-0.05411	-0.04556	26.3	13111	100
2024-10-20 13:42:17:440	WT901BLE68(D1:B7:24:41:63:E6)	0.050	0.710	-0.696	127.197	21.912	16.479	126.00	-0.85	6.80	-64.288	-21.952	-72.030	-0.44452	-0.89291	-0.05411	-0.04556	26.3	13111	100
2024-10-20 13:42:17:549	WT901BLE68(D1:B7:24:41:63:E6)	0.075	0.475	-0.947	439.880	101.318	-63.416	147.11	-4.47	5.38	-74.186	22.638	-31.850	-0.44452	-0.89291	-0.05411	-0.04556	26.3	13111	100
2024-10-20 13:42:17:641	WT901BLE68(D1:B7:24:41:63:E6)	0.045	0.118	-0.908	83.435	41.565	-48.828	167.60	-7.38	8.45	-74.186	22.638	-31.850	-0.44452	-0.89291	-0.05411	-0.04556	26.3	13111	100
2024-10-20 13:42:17:752	WT901BLE68(D1:B7:24:41:63:E6)	-0.019	-0.107	-1.034	109.985	-15.381	-15.259	-172.26	-7.59	2.80	-74.186	22.638	-31.850	0.09109	-0.99414	-0.01410	-0.05536	26.3	13111	100
2024-10-20 13:42:17:844	WT901BLE68(D1:B7:24:41:63:E6)	0.353	-0.382	-0.554	410.095	105.957	-90.088	-166.65	-6.87	0.75	-74.186	22.638	-31.850	0.09109	-0.99414	-0.01410	-0.05536	26.3	13111	100
2024-10-20 13:42:17:972	WT901BLE68(D1:B7:24:41:63:E6)	0.285	-0.939	-0.520	427.856	51.147	-31.372	-130.81	-19.62	-3.42	-89.082	62.034	-78.890	0.09109	-0.99414	-0.01410	-0.05536	26.3	13111	100
2024-10-20 13:42:18:46	WT901BLE68(D1:B7:24:41:63:E6)	0.396	-0.958	-0.047	18.677	-15.747	-28.381	-100.04	-19.92	-11.44	-89.082	62.034	-78.890	0.09109	-0.99414	-0.01410	-0.05536	26.3	13111	100
2024-10-20 13:42:18:164	WT901BLE68(D1:B7:24:41:63:E6)	0.210	-1.020	-0.022	-131.165	-81.848	67.078	-101.53	-20.58	-14.61	-89.082	62.034	-78.890	0.53745	-0.81549	0.02197	-0.21338	26.3	13111	100
2024-10-20 13:42:18:249	WT901BLE68(D1:B7:24:41:63:E6)	-0.012	-0.752	-0.313	-459.961	-224.792	85.083	-134.46	-15.07	-13.27	-89.082	62.034	-78.890	0.53745	-0.81549	0.02197	-0.21338	26.3	13111	100
2024-10-20 13:42:18:373	WT901BLE68(D1:B7:24:41:63:E6)	-0.385	-0.379	-0.899	-349.121	-185.608	102.966	-165.86	0.77	-17.80	-76.342	48.510	-41.454	0.53745	-0.81549	0.02197	-0.21338	26.3	13111	100
2024-10-20 13:42:18:452	WT901BLE68(D1:B7:24:41:63:E6)	-0.669	-0.025	-0.980	-237.915	-169.128	40.100	174.96	12.87	-28.78	-76.342	48.510	-41.454	0.53745	-0.81549	0.02197	-0.21338	26.3	13111	100
2024-10-20 13:42:18:564	WT901BLE68(D1:B7:24:41:63:E6)	-0.515	0.427	-0.785	-192.322	-91.125	35.767	149.01	24.12	-45.62	-76.342	48.510	-41.454	-0.22940	-0.84558	0.32919	0.35196	26.3	13111	100
2024-10-20 13:42:18:629	WT901BLE68(D1:B7:24:41:63:E6)	-0.616	0.556	-0.388	-254.578	45.044	16.113	127.18	25.85	-54.12	-76.342	48.510	-41.454	-0.22940	-0.84558	0.32919	0.35196	26.3	13111	100
2024-10-20 13:42:18:800	WT901BLE68(D1:B7:24:41:63:E6)	-0.266	0.800	-0.500	-294.067	-43.701	56.702	104.06	22.03	-55.05	-76.342	48.510	-41.454	-0.22940	-0.84558	0.32919	0.35196	26.3	13111	100
2024-10-20 13:42:18:831	WT901BLE68(D1:B7:24:41:63:E6)	-0.268	0.918	0.311	-300.354	-0.427	185.486	71.75	9.22	-55.62	-61.544	-20.580	-84.868	-0.22940	-0.84558	0.32919	0.35196	26.3	13111	100
2024-10-20 13:42:18:999	WT901BLE68(D1:B7:24:41:63:E6)	-0.305	0.467	0.697	-125.244	22.217	-9.827	39.79	10.00	-48.27	-61.544	-20.580	-84.868	-0.22940	-0.84558	0.32919	0.35196	26.3	13111	100
2024-10-20 13:42:19:35	WT901BLE68(D1:B7:24:41:63:E6)	-0.508	0.145	0.871	-78.857	39.978	-20.325	15.81	17.03	-49.73	-61.544	-20.580	-84.868	-0.87497	-0.13568	-0.19507	0.42175	26.3	13111	100
2024-10-20 13:42:19:186	WT901BLE68(D1:B7:24:41:63:E6)	-0.668	-0.283	0.785	-37.415	-5.615	1.892	-7.76	30.54	-50.38	-61.544	-20.580	-84.868	-0.87497	-0.13568	-0.19507	0.42175	26.3	13111	100
2024-10-20 13:42:19:237	WT901BLE68(D1:B7:24:41:63:E6)	-0.650	-0.285	0.708	-72.815	122.314	-76.965	-15.00	37.78	-53.87	-40.376	21.266	-115.150	-0.87497	-0.13568	-0.19507	0.42175	26.3	13111	100
2024-10-20 13:42:19:386	WT901BLE68(D1:B7:24:41:63:E6)	-0.562	-0.607	0.602	-94.604	-25.024	-38.025	-34.73	37.39	-63.10	-40.376	21.266	-115.150	-0.87497	-0.13568	-0.19507	0.42175	26.3	13111	100
2024-10-20 13:42:19:439	WT901BLE68(D1:B7:24:41:63:E6)	0.236	-0.565	0.763	20.691	-295.898	-133.728	-35.52	19.00	-60.16	-40.376	21.266	-115.150	-0.85739	0.24945	-0.13882	0.42810	26.3	13111	100
2024-10-20 13:42:19:594	WT901BLE68(D1:B7:24:41:63:E6)	0.462	-0.604	0.848	86.792	-259.155	-64.209	-28.82	-12.34	-48.83	-40.376	21.266	-115.150	-0.85739	0.24945	-0.13882	0.42810	26.3	13111	100
2024-10-20 13:42:19:641	WT901BLE68(D1:B7:24:41:63:E6)	0.848	-0.401	0.610	171.021	-403.503	-100.464	-20.69	-37.67	-41.05	-104.762	19.012	-105.742	-0.85739	0.24945	-0.13882	0.42810	26.3	13111	100
2024-10-20 13:42:19:777	WT901BLE68(D1:B7:24:41:63:E6)	0.951	-0.167	0.423	29.175	-211.426	-69.946	-20.59	-69.69	-33.59	-104.762	19.012	-105.742	-0.85739	0.24945	-0.13882	0.42810	26.3	13111	100
2024-10-20 13:42:19:844	WT901BLE68(D1:B7:24:41:63:E6)	0.805	-0.019	0.345	-76.111	46.265	-234.436	15.39	-74.25	-73.62	-104.762	19.012	-105.742	-0.63657	0.24127	0.52994	0.50562	26.3	13111	100
2024-10-20 13:42:19:978	WT901BLE68(D1:B7:24:41:63:E6)	1.006	0.268	0.453	-212.280	-25.330	-247.559	42.34	-57.22	-119.41	-104.762	19.012	-105.742	-0.63657	0.24127	0.52994	0.50562	26.3	13111	100
2024-10-20 13:42:20:50	WT901BLE68(D1:B7:24:41:63:E6)	0.807	0.378	0.498	-205.933	-115.234	-85.999	40.49	-53.20	-143.14	-94.374	-4.998	-107.114	-0.63657	0.24127	0.52994	0.50562	26.3	13111	100
2024-10-20 13:42:20:188	WT901BLE68(D1:B7:24:41:63:E6)	-0.004	0.467	0.368	-7.874	-312.378	31.738	54.23	-60.58	-171.96	-94.374	-4.998	-107.114	-0.63657	0.24127	0.52994	0.50562	26.3	13111	100
2024-10-20 13:42:20:281	WT901BLE68(D1:B7:24:41:63:E6)	0.659	0.599	-0.499	-13.672	-498.169	-35.278	123.79	-56.88	112.23	-94.374	-4.998	-107.114	-0.08810	0.65582	0.52814	0.53207	26.3	13111	100
2024-10-20 13:42:20:366	WT901BLE68(D1:B7:24:41:63:E6)	0.687	0.430	-0.661	266.724	-193.542	-88.989	141.56	-47.30	100.59	-94.374	-4.998	-107.114	-0.08810	0.65582	0.52814	0.53207	26.3	13111	100
2024-10-20 13:42:20:452	WT901BLE68(D1:B7:24:41:63:E6)	0.350	0.097	-0.730	222.961	-183.289	11.292	163.83	-37.34	93.93	-101.528	0.686	-50.666	-0.08810	0.65582	0.52814	0.53207	26.3	13111	100
2024-10-20 13:42:20:569	WT901BLE68(D1:B7:24:41:63:E6)	0.334	-0.090	-0.889	-8.362	-49.744	32.898	-174.12	-26.58	94.47	-101.528	0.686	-50.666	-0.08810	0.65582	0.52814	0.53207	26.3	13111	100
2024-10-20 13:42:20:668	WT901BLE68(D1:B7:24:41:63:E6)	0.189	-0.283	-0.854	30.823	5.676	6.104	-168.62	-24.49	97.38	-101.528	0.686	-50.666	-0.23654	0.60556	0.75824	0.04837	26.3	13111	100
2024-10-20 13:42:20:769	WT901BLE68(D1:B7:24:41:63:E6)	0.154	-0.377	-0.872	112.183	-101.379	-141.541	-162.00	-24.91	113.19	-101.528	0.686	-50.666	-0.23654	0.60556	0.75824	0.04837	26.3	13111	100
2024-10-20 13:42:20:868	WT901BLE68(D1:B7:24:41:63:E6)	0.120	-0.611	-0.412	312.622	-308.716	-89.661	-150.97	-18.44	136.04	-81.536	31.360	-34.300	-0.23654	0.60556	0.75824	0.04837	26.3	13111	100
2024-10-20 13:42:20:969	WT901BLE68(D1:B7:24:41:63:E6)	-0.104	-0.725	-0.575	82.642	-107.788	-32.898	-134.24	-3.42	159.55	-81.536	31.360	-34.300	-0.23654	0.60556	0.75824	0.04837	26.3	13111	100
2024-10-20 13:42:21:75	WT901BLE68(D1:B7:24:41:63:E6)	-0.171	-0.951	-0.225	203.186	-5.981	28.564	-113.08	4.67	173.69	-81.536	31.360	-34.300	0.00775	0.06485	0.78949	-0.61020	26.3	13111	100
2024-10-20 13:42:21:171	WT901BLE68(D1:B7:24:41:63:E6)	-0.051	-1.001	0.219	220.520	-73.425	-8.545	-85.51	1.85	179.23	-81.536	31.360	-34.300	0.00775	0.06485	0.78949	-0.61020	26.3	13111	100
2024-10-20 13:42:21:268	WT901BLE68(D1:B7:24:41:63:E6)	0.111	-0.847	0.550	241.333	-40.039	-101.013	-65.85	-3.77	-179.01	-64.190	67.424	-86.730	0.00775	0.06485	0.78949	-0.61020	26.3	13111	100
2024-10-20 13:42:21:449	WT901BLE68(D1:B7:24:41:63:E6)	0.218	-0.633	0.663	56.458	-25.085	-72.876	-53.01	-12.03	-176.79	-64.190	67.424	-86.730	0.00775	0.06485	0.78949	-0.61020	26.3	13111	100
2024-10-20 13:42:21:483	WT901BLE68(D1:B7:24:41:63:E6)	0.310	-0.726	0.774	72.876	-15.686	-40.710	-50.14	-15.97	-175.25	-64.190	67.424	-86.730	-0.01706	-0.15472	0.39481	-0.90543	26.3	13111	100
2024-10-20 13:42:21:576	WT901BLE68(D1:B7:24:41:63:E6)	0.434	-0.555	0.833	134.888	-74.524	-15.747	-42.27	-19.89	-171.14	-64.190	67.424	-86.730	-0.01706	-0.15472	0.39481	-0.90543	26.3	13111	100
2024-10-20 13:42:21:674	WT901BLE68(D1:B7:24:41:63:E6)	0.472	-0.258	0.820	207.886	-52.490	18.433	-26.58	-26.25	-163.25	-81.634	48.804	-114.660	-0.01706	-0.15472	0.39481	-0.90543	26.3	13111	100
2024-10-20 13:42:21:782	WT901BLE68(D1:B7:24:41:63:E6)	0.414	0.222	0.824	275.024	-41.748	-55.664	-3.02	-27.11	-157.54	-81.634	48.804	-114.660	-0.01706	-0.15472	0.39481	-0.90543	26.3	13111	100
2024-10-20 13:42:21:869	WT901BLE68(D1:B7:24:41:63:E6)	0.406	0.567	0.822	214.783	38.513	-12.817	23.18	-25.31	-157.18	-81.634	48.804	-114.660	0.24765	-0.14764	-0.31287	-0.90491	26.3	13111	100
2024-10-20 13:42:21:984	WT901BLE68(D1:B7:24:41:63:E6)	0.580	1.968	-0.302	1163.513	181.396	235.718	82.14	-28.78	-156.18	-81.634	48.804	-114.660	0.24765	-0.14764	-0.31287	-0.90491	26.3	13111	100
2024-10-20 13:42:22:72	WT901BLE68(D1:B7:24:41:63:E6)	0.618	0.937	-0.193	-23.193	-104.736	0.061	87.51	-36.63	-154.76	-90.748	-18.424	-87.024	0.24765	-0.14764	-0.31287	-0.90491	26.3	13111	100
2024-10-20 13:42:22:186	WT901BLE68(D1:B7:24:41:63:E6)	0.211	1.058	-0.420	195.313	26.184	-11.047	103.85	-36.02	-158.76	-90.748	-18.424	-87.024	0.24765	-0.14764	-0.31287	-0.90491	26.3	13111	100
2024-10-20 13:42:22:273	WT901BLE68(D1:B7:24:41:63:E6)	0.555	0.308	-0.438	86.182	49.133	-8.667	119.00	-35.61	-151.06	-90.748	-18.424	-87.024	0.40918	0.07568	-0.82648	-0.37903	26.3	13111	100
2024-10-20 13:42:22:387	WT901BLE68(D1:B7:24:41:63:E6)	0.625	0.512	-0.683	132.141	6.287	3.845	123.57	-39.91	-140.49	-90.748	-18.424	-87.024	0.40918	0.07568	-0.82648	-0.37903	26.3	13111	100
2024-10-20 13:42:22:457	WT901BLE68(D1:B7:24:41:63:E6)	0.529	0.181	-0.770	212.463	11.047	-18.433	142.19	-37.65	-136.71	-93.786	-6.664	-48.902	0.40918	0.07568	-0.82648	-0.37903	26.3	13111	100
2024-10-20 13:42:22:589	WT901BLE68(D1:B7:24:41:63:E6)	0.388	-0.224	-0.895	376.465	-37.720	-30.029	170.02	-33.60	-130.35	-93.786	-6.664	-48.902	0.40918	0.07568	-0.82648	-0.37903	26.3	13111	100
2024-10-20 13:42:22:665	WT901BLE68(D1:B7:24:41:63:E6)	0.440	-0.627	-0.609	407.104	-160.400	29.907	-160.88	-28.22	-126.54	-93.786	-6.664	-48.902	0.04959	0.48584	-0.79523	0.35919	26.3	13111	100
2024-10-20 13:42:22:791	WT901BLE68(D1:B7:24:41:63:E6)	0.503	-0.992	-0.300	171.570	93.689	-56.396	-131.43	-26.61	-126.36	-93.786	-6.664	-48.902	0.04959	0.48584	-0.79523	0.35919	26.3	13111	100
2024-10-20 13:42:22:864	WT901BLE68(D1:B7:24:41:63:E6)	0.582	-0.781	0.143	465.454	26.672	-137.817	-104.01	-33.98	-129.80	-92.218	60.172	-66.934	0.04959	0.48584	-0.79523	0.35919	26.3	13111	100
2024-10-20 13:42:22:995	WT901BLE68(D1:B7:24:41:63:E6)	0.613	-0.635	0.498	210.938	-14.160	41.138	-73.94	-38.91	-126.79	-92.218	60.172	-66.934	0.04959	0.48584	-0.79523	0.35919	26.3	13111	100
2024-10-20 13:42:23:64	WT901BLE68(D1:B7:24:41:63:E6)	0.516	-0.515	0.638	84.656	-44.434	42.664	-58.39	-30.02	-121.43	-92.218	60.172	-66.934	-0.32346	0.41296	-0.27347	0.80618	26.3	13111	100
2024-10-20 13:42:23:199	WT901BLE68(D1:B7:24:41:63:E6)	0.604	-0.345	0.777	123.657	-78.003	0.916	-46.44	-31.86	-117.78	-92.218	60.172	-66.934	-0.32346	0.41296	-0.27347	0.80618	26.3	13111	100
2024-10-20 13:42:23:266	WT901BLE68(D1:B7:24:41:63:E6)	0.792	-0.080	0.756	218.933	-128.845	31.921	-31.39	-37.50	-113.19	-92.512	44.198	-112.406	-0.32346	0.41296	-0.27347	0.80618	26.3	13111	100
2024-10-20 13:42:23:399	WT901BLE68(D1:B7:24:41:63:E6)	0.731	0.074	0.593	202.942	39.612	-28.809	-21.17	-49.60	-106.94	-92.512	44.198	-112.406	-0.32346	0.41296	-0.27347	0.80618	26.3	13111	100
2024-10-20 13:42:23:467	WT901BLE68(D1:B7:24:41:63:E6)	0.619	0.276	0.572	128.174	29.419	-18.555	6.02	-44.21	-114.92	-92.512	44.198	-112.406	-0.51608	0.25711	0.27991	0.76752	26.3	13111	100
2024-10-20 13:42:23:602	WT901BLE68(D1:B7:24:41:63:E6)	0.632	0.890	0.447	177.612	62.866	-55.420	29.48	-40.16	-122.74	-92.512	44.198	-112.406	-0.51608	0.25711	0.27991	0.76752	26.3	13111	100
2024-10-20 13:42:23:669	WT901BLE68(D1:B7:24:41:63:E6)	0.537	0.617	0.429	113.770	-103.638	33.264	39.04	-41.54	-126.18	-91.140	-2.646	-111.230	-0.51608	0.25711	0.27991	0.76752	26.3	13111	100
2024-10-20 13:42:23:804	WT901BLE68(D1:B7:24:41:63:E6)	0.109	0.682	0.276	132.935	60.242	-172.058	51.22	-28.06	-129.70	-91.140	-2.646	-111.230	-0.51608	0.25711	0.27991	0.76752	26.3	13111	100
2024-10-20 13:42:23:871	WT901BLE68(D1:B7:24:41:63:E6)	-0.236	0.782	0.193	143.616	209.473	-185.059	63.51	-4.70	-124.81	-91.140	-2.646	-111.230	-0.36743	-0.34818	0.49677	0.70490	26.3	13111	100
2024-10-20 13:42:24:7	WT901BLE68(D1:B7:24:41:63:E6)	-0.287	1.232	-0.334	236.694	85.754	-145.996	91.15	15.19	-111.52	-91.140	-2.646	-111.230	-0.36743	-0.34818	0.49677	0.70490	26.3	13111	100
2024-10-20 13:42:24:78	WT901BLE68(D1:B7:24:41:63:E6)	-0.064	1.038	-0.443	-12.512	0.122	40.955	96.84	16.51	-101.71	-45.080	-18.326	-72.422	-0.36743	-0.34818	0.49677	0.70490	26.3	13111	100
2024-10-20 13:42:24:209	WT901BLE68(D1:B7:24:41:63:E6)	0.271	0.879	-0.573	129.089	114.685	113.403	111.47	8.48	-96.90	-45.080	-18.326	-72.422	-0.36743	-0.34818	0.49677	0.70490	26.3	13111	100
2024-10-20 13:42:24:276	WT901BLE68(D1:B7:24:41:63:E6)	0.435	0.672	-0.663	114.380	0.671	228.577	121.89	-6.13	-99.50	-45.080	-18.326	-72.422	-0.41016	-0.45825	0.72217	0.31644	26.3	13111	100
2024-10-20 13:42:24:412	WT901BLE68(D1:B7:24:41:63:E6)	0.559	0.754	-0.483	-228.088	58.411	91.370	107.99	-25.24	-104.99	-45.080	-18.326	-72.422	-0.41016	-0.45825	0.72217	0.31644	26.3	13111	100
2024-10-20 13:42:24:501	WT901BLE68(D1:B7:24:41:63:E6)	0.527	0.754	-0.068	-226.440	-76.599	6.836	86.57	-29.87	-104.97	-84.084	-20.090	-90.258	-0.41016	-0.45825	0.72217	0.31644	26.3	13111	100
2024-10-20 13:42:24:592	WT901BLE68(D1:B7:24:41:63:E6)	0.511	0.894	0.142	-162.537	82.947	23.438	65.65	-29.50	-96.73	-84.084	-20.090	-90.258	-0.41016	-0.45825	0.72217	0.31644	26.3	13111	100
2024-10-20 13:42:24:681	WT901BLE68(D1:B7:24:41:63:E6)	0.498	0.644	0.521	-182.251	189.819	109.253	39.48	-26.11	-75.41	-84.084	-20.090	-90.258	-0.82642	-0.10330	0.28381	0.47507	26.3	13111	100
2024-10-20 13:42:24:794	WT901BLE68(D1:B7:24:41:63:E6)	0.226	0.506	0.814	-163.513	148.743	43.152	19.24	-16.17	-59.48	-84.084	-20.090	-90.258	-0.82642	-0.10330	0.28381	0.47507	26.3	13111	100
2024-10-20 13:42:24:884	WT901BLE68(D1:B7:24:41:63:E6)	-0.071	0.229	1.007	-4.211	93.201	27.344	12.44	-7.75	-48.71	-58.702	19.110	-123.872	-0.82642	-0.10330	0.28381	0.47507	26.3	13111	100
2024-10-20 13:42:24:996	WT901BLE68(D1:B7:24:41:63:E6)	-0.135	0.129	1.017	27.222	95.642	-14.343	8.94	6.60	-46.27	-58.702	19.110	-123.872	-0.82642	-0.10330	0.28381	0.47507	26.3	13111	100
2024-10-20 13:42:25:86	WT901BLE68(D1:B7:24:41:63:E6)	-0.354	0.250	0.958	143.188	147.278	51.941	19.11	18.49	-34.97	-58.702	19.110	-123.872	-0.91049	-0.27768	-0.13333	0.27567	26.3	13111	100
2024-10-20 13:42:25:198	WT901BLE68(D1:B7:24:41:63:E6)	-1.064	0.505	0.875	70.923	166.077	43.274	34.11	26.40	-21.37	-58.702	19.110	-123.872	-0.91049	-0.27768	-0.13333	0.27567	26.3	13111	100
2024-10-20 13:42:25:294	WT901BLE68(D1:B7:24:41:63:E6)	-0.795	0.326	0.410	-243.591	446.716	-10.254	39.70	50.73	-0.55	-24.598	7.154	-78.890	-0.91049	-0.27768	-0.13333	0.27567	26.3	13111	100
2024-10-20 13:42:25:402	WT901BLE68(D1:B7:24:41:63:E6)	-1.096	0.192	0.236	14.404	316.956	-65.430	65.75	73.80	52.62	-24.598	7.154	-78.890	-0.91049	-0.27768	-0.13333	0.27567	26.3	13111	100
2024-10-20 13:42:25:492	WT901BLE68(D1:B7:24:41:63:E6)	-0.891	-0.048	-0.219	62.256	85.449	-3.723	166.74	71.09	134.03	-24.598	7.154	-78.890	-0.53275	-0.27988	-0.78253	0.15924	26.3	13111	100
2024-10-20 13:42:25:605	WT901BLE68(D1:B7:24:41:63:E6)	-0.820	-0.090	-0.398	32.410	145.569	-110.107	178.56	64.47	141.65	-24.598	7.154	-78.890	-0.53275	-0.27988	-0.78253	0.15924	26.3	13111	100
2024-10-20 13:42:25:697	WT901BLE68(D1:B7:24:41:63:E6)	-0.479	0.097	-0.540	-29.785	49.316	-85.144	176.73	55.88	151.45	-47.628	21.168	-35.084	-0.53275	-0.27988	-0.78253	0.15924	26.3	13111	100
2024-10-20 13:42:25:808	WT901BLE68(D1:B7:24:41:63:E6)	-0.575	-0.220	-0.804	-128.235	48.462	-50.293	-170.15	43.06	165.67	-47.628	21.168	-35.084	-0.53275	-0.27988	-0.78253	0.15924	26.3	13111	100
2024-10-20 13:42:25:897	WT901BLE68(D1:B7:24:41:63:E6)	-0.253	-0.043	-0.886	79.041	129.395	-56.519	-171.90	32.82	172.45	-47.628	21.168	-35.084	-0.22177	-0.06390	-0.97076	0.06494	26.3	13111	100
2024-10-20 13:42:26:11	WT901BLE68(D1:B7:24:41:63:E6)	-0.055	0.049	-0.954	-174.866	216.858	9.216	-179.23	19.91	174.64	-47.628	21.168	-35.084	-0.22177	-0.06390	-0.97076	0.06494	26.3	13111	100
2024-10-20 13:42:26:100	WT901BLE68(D1:B7:24:41:63:E6)	0.149	0.174	-0.983	-11.780	97.717	66.223	169.09	5.04	174.72	-90.062	9.408	-36.750	-0.22177	-0.06390	-0.97076	0.06494	26.3	13111	100
2024-10-20 13:42:26:211	WT901BLE68(D1:B7:24:41:63:E6)	0.394	0.267	-0.985	-13.733	117.188	82.153	167.98	-4.64	175.76	-90.062	9.408	-36.750	-0.22177	-0.06390	-0.97076	0.06494	26.3	13111	100
2024-10-20 13:42:26:302	WT901BLE68(D1:B7:24:41:63:E6)	0.534	0.021	-0.859	-4.333	31.799	43.945	167.58	-17.05	171.08	-90.062	9.408	-36.750	0.14557	-0.08966	-0.97922	-0.10873	26.3	13111	100
2024-10-20 13:42:26:414	WT901BLE68(D1:B7:24:41:63:E6)	0.444	0.133	-0.915	44.922	33.813	66.650	171.15	-19.27	170.29	-90.062	9.408	-36.750	0.14557	-0.08966	-0.97922	-0.10873	26.3	13111	100
2024-10-20 13:42:26:505	WT901BLE68(D1:B7:24:41:63:E6)	0.574	-0.090	-0.877	94.666	67.444	108.154	178.87	-24.32	167.17	-107.604	32.928	-52.724	0.14557	-0.08966	-0.97922	-0.10873	26.3	13111	100
2024-10-20 13:42:26:616	WT901BLE68(D1:B7:24:41:63:E6)	0.378	-0.532	-0.605	318.054	-23.010	137.817	-148.12	-24.86	160.08	-107.604	32.928	-52.724	0.14557	-0.08966	-0.97922	-0.10873	26.3	13111	100
2024-10-20 13:42:26:683	WT901BLE68(D1:B7:24:41:63:E6)	0.187	-0.888	-0.391	233.582	-33.875	93.750	-121.02	-18.35	158.89	-107.604	32.928	-52.724	0.18066	-0.06989	-0.80130	0.56592	26.3	13111	100
2024-10-20 13:42:26:820	WT901BLE68(D1:B7:24:41:63:E6)	0.126	-0.926	-0.141	26.123	-15.747	20.020	-105.34	-10.62	163.06	-107.604	32.928	-52.724	0.18066	-0.06989	-0.80130	0.56592	26.3	13111	100
2024-10-20 13:42:26:887	WT901BLE68(D1:B7:24:41:63:E6)	-0.088	-0.980	-0.220	-71.228	-127.625	27.771	-110.18	-7.56	173.06	-92.708	61.250	-66.248	0.18066	-0.06989	-0.80130	0.56592	26.3	13111	100
2024-10-20 13:42:27:21	WT901BLE68(D1:B7:24:41:63:E6)	-0.382	-0.816	-0.383	-181.152	-146.240	108.887	-128.57	4.15	-176.25	-92.708	61.250	-66.248	0.18066	-0.06989	-0.80130	0.56592	26.3	13111	100
2024-10-20 13:42:27:89	WT901BLE68(D1:B7:24:41:63:E6)	-0.484	-0.560	-0.779	-158.936	-173.828	68.909	-148.73	22.41	-171.10	-92.708	61.250	-66.248	-0.28650	0.04306	-0.93961	0.18188	26.3	13111	100
2024-10-20 13:42:27:224	WT901BLE68(D1:B7:24:41:63:E6)	-0.686	-0.327	-0.780	-92.285	-114.807	-7.568	-156.62	35.28	-164.77	-92.708	61.250	-66.248	-0.28650	0.04306	-0.93961	0.18188	26.3	13111	100
2024-10-20 13:42:27:299	WT901BLE68(D1:B7:24:41:63:E6)	-0.757	-0.159	-0.753	-135.498	76.111	-80.933	-174.69	29.01	-162.96	-54.292	31.752	-34.496	-0.28650	0.04306	-0.93961	0.18188	26.3	13111	100
2024-10-20 13:42:27:449	WT901BLE68(D1:B7:24:41:63:E6)	-1.243	-0.359	-0.584	-72.693	-263.184	49.622	-156.07	57.98	-143.81	-54.292	31.752	-34.496	-0.28650	0.04306	-0.93961	0.18188	26.3	13111	100
2024-10-20 13:42:27:502	WT901BLE68(D1:B7:24:41:63:E6)	-1.143	-0.103	-0.322	-87.708	-236.572	16.724	-155.43	79.61	-139.92	-54.292	31.752	-34.496	-0.70529	0.12997	-0.68802	-0.11041	26.3	13111	100
2024-10-20 13:42:27:627	WT901BLE68(D1:B7:24:41:63:E6)	-1.034	0.035	-0.116	-117.798	-14.709	7.202	3.41	89.63	24.25	-54.292	31.752	-34.496	-0.70529	0.12997	-0.68802	-0.11041	26.3	13111	100
2024-10-20 13:42:27:697	WT901BLE68(D1:B7:24:41:63:E6)	-0.794	-0.013	0.300	-151.611	-185.059	72.021	-2.74	78.21	27.30	-21.364	15.876	-78.694	-0.70529	0.12997	-0.68802	-0.11041	26.3	13111	100
2024-10-20 13:42:27:831	WT901BLE68(D1:B7:24:41:63:E6)	-0.493	-0.125	0.526	-251.953	-194.885	-17.517	-7.71	62.97	31.64	-21.364	15.876	-78.694	-0.70529	0.12997	-0.68802	-0.11041	26.3	13111	100
2024-10-20 13:42:27:902	WT901BLE68(D1:B7:24:41:63:E6)	-0.476	-0.244	0.624	24.048	-29.846	2.319	-14.94	43.29	35.83	-21.364	15.876	-78.694	-0.86923	0.23386	-0.29764	-0.31790	26.3	13111	100
2024-10-20 13:42:28:34	WT901BLE68(D1:B7:24:41:63:E6)	-0.320	-0.393	0.860	-174.438	-133.911	26.733	-23.32	37.91	34.96	-21.364	15.876	-78.694	-0.86923	0.23386	-0.29764	-0.31790	26.3	13111	100
2024-10-20 13:42:28:102	WT901BLE68(D1:B7:24:41:63:E6)	-0.328	-0.646	0.792	-180.847	-93.384	12.878	-30.30	26.67	47.96	-43.120	33.320	-115.934	-0.86923	0.23386	-0.29764	-0.31790	26.3	13111	100
2024-10-20 13:42:28:236	WT901BLE68(D1:B7:24:41:63:E6)	-0.119	-0.708	0.703	-151.794	-161.377	-19.836	-40.16	18.43	49.96	-43.120	33.320	-115.934	-0.86923	0.23386	-0.29764	-0.31790	26.3	13111	100
2024-10-20 13:42:28:305	WT901BLE68(D1:B7:24:41:63:E6)	-0.135	-0.855	0.553	-147.766	-53.528	-17.090	-51.40	7.27	53.26	-43.120	33.320	-115.934	-0.77200	0.46124	0.18735	-0.39502	26.3	13111	100
2024-10-20 13:42:28:439	WT901BLE68(D1:B7:24:41:63:E6)	0.308	-0.873	0.469	-220.337	84.290	-11.353	-67.23	1.83	48.05	-43.120	33.320	-115.934	-0.77200	0.46124	0.18735	-0.39502	26.3	13111	100
2024-10-20 13:42:28:506	WT901BLE68(D1:B7:24:41:63:E6)	-0.209	-0.933	-0.567	-222.229	-5.798	90.637	-94.75	2.26	39.47	-62.426	67.718	-85.554	-0.77200	0.46124	0.18735	-0.39502	26.3	13111	100
2024-10-20 13:42:28:619	WT901BLE68(D1:B7:24:41:63:E6)	-0.336	-0.938	-0.330	-127.747	-126.404	-1.038	-101.80	10.80	58.06	-62.426	67.718	-85.554	-0.77200	0.46124	0.18735	-0.39502	26.3	13111	100
2024-10-20 13:42:28:710	WT901BLE68(D1:B7:24:41:63:E6)	-0.271	-0.690	-0.497	-220.276	-175.781	-118.103	-114.39	10.88	77.09	-62.426	67.718	-85.554	-0.28253	0.66965	0.55319	-0.40695	26.3	13111	100
2024-10-20 13:42:28:821	WT901BLE68(D1:B7:24:41:63:E6)	-0.372	-0.608	-0.542	-43.091	47.302	27.100	-126.29	13.54	88.07	-62.426	67.718	-85.554	-0.28253	0.66965	0.55319	-0.40695	26.3	13111	100
2024-10-20 13:42:28:935	WT901BLE68(D1:B7:24:41:63:E6)	-0.306	-0.725	-0.833	-110.657	3.845	67.200	-137.79	19.25	92.97	-58.310	59.682	-51.450	-0.28253	0.66965	0.55319	-0.40695	26.3	13111	100
2024-10-20 13:42:29:24	WT901BLE68(D1:B7:24:41:63:E6)	-0.250	-0.406	-0.803	-185.913	-36.438	-16.968	-145.32	16.38	97.15	-58.310	59.682	-51.450	-0.28253	0.66965	0.55319	-0.40695	26.3	13111	100
2024-10-20 13:42:29:114	WT901BLE68(D1:B7:24:41:63:E6)	-0.039	-0.196	-1.033	-268.677	134.827	45.654	-160.49	14.80	100.95	-58.310	59.682	-51.450	0.00644	0.63943	0.76279	-0.09567	26.3	13111	100
2024-10-20 13:42:29:227	WT901BLE68(D1:B7:24:41:63:E6)	0.120	0.141	-0.960	-198.242	102.173	23.865	178.65	3.31	102.26	-58.310	59.682	-51.450	0.00644	0.63943	0.76279	-0.09567	26.3	13111	100
2024-10-20 13:42:29:317	WT901BLE68(D1:B7:24:41:63:E6)	0.389	0.344	-0.905	-69.641	31.738	50.964	161.81	-11.99	107.06	-81.242	17.640	-32.144	0.00644	0.63943	0.76279	-0.09567	26.3	13111	100
2024-10-20 13:42:29:429	WT901BLE68(D1:B7:24:41:63:E6)	0.528	0.654	-0.690	-246.887	213.806	67.566	147.18	-20.14	110.78	-81.242	17.640	-32.144	0.00644	0.63943	0.76279	-0.09567	26.3	13111	100
2024-10-20 13:42:29:519	WT901BLE68(D1:B7:24:41:63:E6)	0.652	0.685	-0.323	-260.071	-21.423	54.382	119.01	-31.75	118.37	-81.242	17.640	-32.144	0.05536	0.52948	0.59409	0.60297	26.3	13111	100
2024-10-20 13:42:29:631	WT901BLE68(D1:B7:24:41:63:E6)	0.747	0.719	-0.070	-185.852	72.327	169.861	98.99	-41.74	126.25	-81.242	17.640	-32.144	0.05536	0.52948	0.59409	0.60297	26.3	13111	100
2024-10-20 13:42:29:721	WT901BLE68(D1:B7:24:41:63:E6)	0.709	0.452	0.385	-217.773	265.015	290.466	53.85	-54.20	165.37	-112.994	8.036	-85.946	0.05536	0.52948	0.59409	0.60297	26.3	13111	100
2024-10-20 13:42:29:835	WT901BLE68(D1:B7:24:41:63:E6)	0.731	0.017	0.682	-78.552	120.789	136.108	13.49	-50.19	-150.56	-112.994	8.036	-85.946	0.05536	0.52948	0.59409	0.60297	26.3	13111	100
2024-10-20 13:42:29:924	WT901BLE68(D1:B7:24:41:63:E6)	0.263	-0.082	0.764	6.409	40.344	72.754	2.79	-46.40	-130.66	-112.994	8.036	-85.946	-0.45538	0.31540	0.15994	0.81699	26.3	13111	100
2024-10-20 13:42:30:38	WT901BLE68(D1:B7:24:41:63:E6)	0.311	-0.209	0.918	20.508	87.280	21.973	-3.78	-36.35	-116.72	-112.994	8.036	-85.946	-0.45538	0.31540	0.15994	0.81699	26.3	13111	100
2024-10-20 13:42:30:129	WT901BLE68(D1:B7:24:41:63:E6)	0.121	-0.134	0.959	15.198	153.381	60.730	-6.00	-23.86	-107.23	-96.922	32.438	-115.150	-0.45538	0.31540	0.15994	0.81699	26.3	13111	100
2024-10-20 13:42:30:239	WT901BLE68(D1:B7:24:41:63:E6)	0.111	-0.089	0.944	-7.568	36.499	31.433	-3.90	-12.79	-99.42	-96.922	32.438	-115.150	-0.45538	0.31540	0.15994	0.81699	26.3	13111	100
2024-10-20 13:42:30:328	WT901BLE68(D1:B7:24:41:63:E6)	0.017	-0.124	1.004	-4.944	6.470	20.996	-5.55	-10.68	-91.10	-96.922	32.438	-115.150	-0.72647	0.10336	0.01968	0.67902	26.3	13111	100
2024-10-20 13:42:30:443	WT901BLE68(D1:B7:24:41:63:E6)	0.288	-0.314	1.087	-59.570	-21.606	18.005	-8.52	-8.53	-81.99	-96.922	32.438	-115.150	-0.72647	0.10336	0.01968	0.67902	26.3	13111	100
2024-10-20 13:42:30:533	WT901BLE68(D1:B7:24:41:63:E6)	0.335	-0.422	0.820	-108.215	-104.858	11.963	-19.12	-17.41	-75.47	-96.922	32.438	-115.150	-0.72647	0.10336	0.01968	0.67902	26.3	13111	100
2024-10-20 13:42:30:645	WT901BLE68(D1:B7:24:41:63:E6)	0.376	-0.562	0.822	-64.148	-50.110	2.991	-32.11	-23.43	-68.46	-98.784	48.510	-103.782	-0.72647	0.10336	0.01968	0.67902	26.3	13111	100
2024-10-20 13:42:30:734	WT901BLE68(D1:B7:24:41:63:E6)	0.399	-0.523	0.742	39.612	-11.963	10.071	-35.77	-28.26	-61.01	-98.784	48.510	-103.782	-0.72647	0.10336	0.01968	0.67902	26.3	13111	100
2024-10-20 13:42:30:860	WT901BLE68(D1:B7:24:41:63:E6)	0.475	-0.662	0.719	-38.635	-9.094	4.456	-39.17	-27.99	-55.29	-98.784	48.510	-103.782	-0.77695	0.39694	0.05237	0.48575	26.3	13111	100
2024-10-20 13:42:30:938	WT901BLE68(D1:B7:24:41:63:E6)	0.687	-0.560	0.745	20.081	-35.278	-53.650	-38.96	-28.48	-51.16	-98.784	48.510	-103.782	-0.77695	0.39694	0.05237	0.48575	26.3	13111	100
2024-10-20 13:42:31:81	WT901BLE68(D1:B7:24:41:63:E6)	0.898	-0.277	0.760	-111.145	-98.267	-327.148	-34.07	-44.25	-59.85	-111.720	38.710	-91.238	-0.77695	0.39694	0.05237	0.48575	26.3	13111	100
2024-10-20 13:42:31:116	WT901BLE68(D1:B7:24:41:63:E6)	0.879	-0.436	0.318	-268.860	60.547	-164.063	-36.19	-58.75	-85.64	-111.720	38.710	-91.238	-0.77695	0.39694	0.05237	0.48575	26.3	13111	100
2024-10-20 13:42:31:259	WT901BLE68(D1:B7:24:41:63:E6)	0.542	-0.093	0.528	-51.208	89.478	-190.247	-9.73	-60.92	-125.14	-111.720	38.710	-91.238	-0.34622	0.47455	0.17041	0.79108	26.3	13111	100
2024-10-20 13:42:31:320	WT901BLE68(D1:B7:24:41:63:E6)	0.502	0.137	0.704	-0.732	187.561	-199.463	16.50	-44.79	-161.58	-111.720	38.710	-91.238	-0.34622	0.47455	0.17041	0.79108	26.3	13111	100
2024-10-20 13:42:31:454	WT901BLE68(D1:B7:24:41:63:E6)	-0.118	0.298	0.896	-6.165	118.713	-74.341	21.28	-21.67	-168.64	-111.720	38.710	-91.238	-0.34622	0.47455	0.17041	0.79108	26.3	13111	100
2024-10-20 13:42:31:522	WT901BLE68(D1:B7:24:41:63:E6)	-0.516	0.368	0.810	40.588	358.582	-55.359	24.52	0.19	-168.88	-111.720	38.710	-91.238	-0.34622	0.47455	0.17041	0.79108	26.3	13111	100
2024-10-20 13:42:31:679	WT901BLE68(D1:B7:24:41:63:E6)	-0.863	0.306	0.585	55.725	416.260	-85.632	32.66	31.49	-155.95	-111.720	38.710	-91.238	-0.34622	0.47455	0.17041	0.79108	26.3	13111	100
2024-10-20 13:42:31:725	WT901BLE68(D1:B7:24:41:63:E6)	-0.846	0.453	0.310	88.928	203.003	-16.968	60.28	52.77	-128.52	-111.720	38.710	-91.238	-0.34622	0.47455	0.17041	0.79108	26.7	13111	100
2024-10-20 13:42:31:877	WT901BLE68(D1:B7:24:41:63:E6)	-0.805	0.485	0.116	154.053	100.037	-20.569	77.61	54.33	-117.75	-111.720	38.710	-91.238	-0.34622	0.47455	0.17041	0.79108	26.7	13111	100
2024-10-20 13:42:31:928	WT901BLE68(D1:B7:24:41:63:E6)	-0.952	0.417	-0.291	98.267	129.333	-150.452	119.12	65.07	-77.45	-36.946	7.938	-45.668	-0.34622	0.47455	0.17041	0.79108	26.7	13111	100
2024-10-20 13:42:32:62	WT901BLE68(D1:B7:24:41:63:E6)	-0.846	0.294	-0.794	-71.960	94.666	32.043	156.92	69.22	-30.75	-36.946	7.938	-45.668	-0.34622	0.47455	0.17041	0.79108	26.7	13111	100
2024-10-20 13:42:32:131	WT901BLE68(D1:B7:24:41:63:E6)	-0.940	-0.193	-0.462	-79.468	-45.898	-34.363	171.45	63.17	-0.51	-36.946	7.938	-45.668	-0.08380	-0.83505	-0.10611	0.53320	26.7	13111	100
2024-10-20 13:42:32:271	WT901BLE68(D1:B7:24:41:63:E6)	-0.887	-0.238	-0.626	-96.802	66.467	-103.027	178.82	62.35	24.54	-36.946	7.938	-45.668	-0.08380	-0.83505	-0.10611	0.53320	26.7	13111	100
2024-10-20 13:42:32:362	WT901BLE68(D1:B7:24:41:63:E6)	-0.599	-0.157	-0.896	33.875	132.629	-111.816	-163.28	53.65	50.72	-46.158	19.208	-35.182	-0.08380	-0.83505	-0.10611	0.53320	26.7	13111	100
2024-10-20 13:42:32:467	WT901BLE68(D1:B7:24:41:63:E6)	-0.355	-0.482	-0.617	-43.823	163.147	-88.745	-155.30	36.66	59.04	-46.158	19.208	-35.182	-0.08380	-0.83505	-0.10611	0.53320	26.7	13111	100
2024-10-20 13:42:32:537	WT901BLE68(D1:B7:24:41:63:E6)	-0.252	-0.393	-0.729	47.058	138.672	-2.380	-152.43	29.32	62.58	-46.158	19.208	-35.182	0.06052	-0.82660	-0.45651	0.32336	26.7	13111	100
2024-10-20 13:42:32:667	WT901BLE68(D1:B7:24:41:63:E6)	-0.538	-0.476	-0.849	25.513	-71.106	57.251	-151.05	33.72	67.20	-46.158	19.208	-35.182	0.06052	-0.82660	-0.45651	0.32336	26.7	13111	100
2024-10-20 13:42:32:737	WT901BLE68(D1:B7:24:41:63:E6)	-0.733	-0.424	-0.703	23.621	-5.310	63.843	-148.40	39.48	68.45	-56.644	31.066	-33.026	0.06052	-0.82660	-0.45651	0.32336	26.7	13111	100
2024-10-20 13:42:32:859	WT901BLE68(D1:B7:24:41:63:E6)	-0.673	-0.513	-0.670	22.583	-47.180	135.315	-151.81	44.82	66.98	-56.644	31.066	-33.026	0.06052	-0.82660	-0.45651	0.32336	26.7	13111	100
2024-10-20 13:42:32:941	WT901BLE68(D1:B7:24:41:63:E6)	-0.465	-0.362	-0.553	74.890	31.372	14.221	-151.97	47.95	62.59	-56.644	31.066	-33.026	-0.00763	-0.80545	-0.38062	0.45410	26.7	13111	100
2024-10-20 13:42:33:67	WT901BLE68(D1:B7:24:41:63:E6)	-0.591	-0.436	-0.494	38.513	-49.866	-57.068	-143.59	46.88	72.47	-56.644	31.066	-33.026	-0.00763	-0.80545	-0.38062	0.45410	26.7	13111	100
2024-10-20 13:42:33:143	WT901BLE68(D1:B7:24:41:63:E6)	-0.526	-0.643	-0.584	23.987	7.751	-31.189	-134.51	43.74	89.38	-54.978	41.160	-37.240	-0.00763	-0.80545	-0.38062	0.45410	26.7	13111	100
2024-10-20 13:42:33:260	WT901BLE68(D1:B7:24:41:63:E6)	-0.504	-0.679	-0.541	-14.099	-7.568	-51.025	-131.78	39.89	99.57	-54.978	41.160	-37.240	-0.00763	-0.80545	-0.38062	0.45410	26.7	13111	100
