time	DeviceName	AccX(g)	AccY(g)	AccZ(g)	AsX(°/s)	AsY(°/s)	AsZ(°/s)	AngleX(°)	AngleY(°)	AngleZ(°)	HX(uT)	HY(uT)	HZ(uT)	Q0()	Q1()	Q2()	Q3()	Temperature(°C)	Version()	Battery level(%)
2024-11-3 15:37:43.366	WT901BLE68(B2C0FB98454F)	-0.909	0.335	-0.126	-77.637	85.754	-14.160	94.24	66.03	-24.41	33.124	-29.302	-15.386	0.41144	0.60944	0.04559	-0.67609	23.6	13111	100
2024-11-3 15:37:43.453	WT901BLE68(B2C0FB98454F)	-0.873	0.381	-0.091	-8.057	32.715	-9.216	104.34	66.02	-8.40	33.124	-29.302	-15.386	0.47894	0.68884	0.28036	-0.46622	23.6	13111	100
2024-11-3 15:37:43.573	WT901BLE68(B2C0FB98454F)	-0.927	0.499	-0.146	-25.696	22.217	2.136	108.13	65.49	-2.30	33.124	-29.302	-15.386	0.47894	0.68884	0.28036	-0.46622	23.6	13111	100
2024-11-3 15:37:43.675	WT901BLE68(B2C0FB98454F)	-0.891	0.423	-0.121	-23.315	17.578	1.770	109.65	64.38	2.54	39.592	-23.716	-9.800	0.47894	0.68884	0.28036	-0.46622	23.6	13111	100
2024-11-3 15:37:43.784	WT901BLE68(B2C0FB98454F)	-0.884	0.377	-0.158	-5.188	15.808	-0.793	110.96	63.68	6.20	39.592	-23.716	-9.800	0.50348	0.68811	0.33856	-0.39783	23.6	13111	100
2024-11-3 15:37:43.844	WT901BLE68(B2C0FB98454F)	-0.865	0.442	-0.204	-7.874	2.747	3.906	111.93	63.03	8.20	39.592	-23.716	-9.800	0.50348	0.68811	0.33856	-0.39783	23.6	13111	100
2024-11-3 15:37:43.970	WT901BLE68(B2C0FB98454F)	-0.864	0.435	-0.193	-22.888	13.855	-3.235	111.94	62.76	9.48	39.592	-23.716	-9.800	0.50348	0.68811	0.33856	-0.39783	23.6	13111	100
2024-11-3 15:37:44.54	WT901BLE68(B2C0FB98454F)	-0.908	0.565	-0.046	-25.513	-2.075	15.015	110.70	61.95	10.63	40.180	-23.226	-9.212	0.50348	0.68811	0.33856	-0.39783	23.6	13111	100
2024-11-3 15:37:44.174	WT901BLE68(B2C0FB98454F)	-1.268	0.509	0.112	-84.717	-41.870	38.269	101.12	59.85	7.19	40.180	-23.226	-9.212	0.50348	0.68811	0.33856	-0.39783	23.6	13111	100
2024-11-3 15:37:44.276	WT901BLE68(B2C0FB98454F)	-0.307	0.757	0.438	-71.777	-152.222	78.613	75.40	53.99	-17.43	40.180	-23.226	-9.212	0.65790	0.59332	0.26263	-0.38211	23.6	13111	100
2024-11-3 15:37:44.384	WT901BLE68(B2C0FB98454F)	-0.802	1.247	0.045	-33.447	44.617	33.752	65.59	45.48	-25.63	40.180	-23.226	-9.212	0.65790	0.59332	0.26263	-0.38211	23.6	13111	100
2024-11-3 15:37:44.477	WT901BLE68(B2C0FB98454F)	-0.621	0.416	0.299	28.137	92.773	-26.611	71.83	50.11	-11.67	29.596	-24.010	-27.048	0.65790	0.59332	0.26263	-0.38211	23.6	13111	100
2024-11-3 15:37:44.594	WT901BLE68(B2C0FB98454F)	-0.708	-0.043	0.286	97.046	-12.329	-60.303	73.27	53.54	-11.75	29.596	-24.010	-27.048	0.69421	0.55835	0.33679	-0.30457	23.6	13111	100
2024-11-3 15:37:44.654	WT901BLE68(B2C0FB98454F)	-1.004	0.446	0.379	-70.374	16.846	23.560	74.53	54.15	-4.30	29.596	-24.010	-27.048	0.69421	0.55835	0.33679	-0.30457	23.6	13111	100
2024-11-3 15:37:44.774	WT901BLE68(B2C0FB98454F)	-0.899	0.542	0.070	-47.791	8.545	0.183	77.65	53.49	0.37	29.596	-24.010	-27.048	0.69421	0.55835	0.33679	-0.30457	23.6	13111	100
2024-11-3 15:37:44.876	WT901BLE68(B2C0FB98454F)	-0.827	0.657	0.090	-30.640	18.066	-6.897	76.46	54.73	2.59	34.986	-19.992	-24.010	0.69421	0.55835	0.33679	-0.30457	23.6	13111	100
2024-11-3 15:37:44.983	WT901BLE68(B2C0FB98454F)	-0.795	0.561	0.126	-30.396	21.423	-4.639	75.35	55.39	5.44	34.986	-19.992	-24.010	0.69421	0.55835	0.33679	-0.30457	23.6	13111	100
2024-11-3 15:37:45.76	WT901BLE68(B2C0FB98454F)	-0.867	0.444	0.073	-13.000	3.540	-7.568	74.10	56.29	6.73	34.986	-19.992	-24.010	0.71762	0.51230	0.40442	-0.24271	23.6	13111	100
2024-11-3 15:37:45.193	WT901BLE68(B2C0FB98454F)	-0.867	0.577	0.124	-21.057	2.991	1.160	73.14	57.00	7.25	34.986	-19.992	-24.010	0.71762	0.51230	0.40442	-0.24271	23.6	13111	100
2024-11-3 15:37:45.252	WT901BLE68(B2C0FB98454F)	-0.805	0.502	0.067	-4.456	-14.587	-4.822	71.25	57.16	6.09	37.240	-14.406	-25.186	0.71762	0.51230	0.40442	-0.24271	23.6	13111	100
2024-11-3 15:37:45.374	WT901BLE68(B2C0FB98454F)	-0.870	0.627	0.107	-11.536	-5.615	-14.221	69.79	58.26	4.62	37.240	-14.406	-25.186	0.71762	0.51230	0.40442	-0.24271	23.6	13111	100
2024-11-3 15:37:45.475	WT901BLE68(B2C0FB98454F)	-0.765	0.318	0.065	-37.292	-18.066	-14.954	65.28	58.28	2.47	37.240	-14.406	-25.186	0.74414	0.45819	0.41730	-0.24908	23.6	13111	100
2024-11-3 15:37:45.584	WT901BLE68(B2C0FB98454F)	-1.349	0.683	0.011	-8.606	-5.432	-7.202	60.36	59.02	-2.14	37.240	-14.406	-25.186	0.74414	0.45819	0.41730	-0.24908	23.6	13111	100
2024-11-3 15:37:45.676	WT901BLE68(B2C0FB98454F)	-1.025	0.341	0.805	53.711	-4.578	36.621	68.82	56.78	2.03	36.162	-12.054	-27.342	0.74414	0.45819	0.41730	-0.24908	23.6	13111	100
2024-11-3 15:37:45.794	WT901BLE68(B2C0FB98454F)	-0.276	-0.029	-0.307	35.400	84.595	-31.921	82.74	50.68	5.30	36.162	-12.054	-27.342	0.74414	0.45819	0.41730	-0.24908	23.6	13111	100
2024-11-3 15:37:45.883	WT901BLE68(B2C0FB98454F)	-1.600	0.569	-0.168	-14.160	108.398	3.784	91.01	52.03	16.75	36.162	-12.054	-27.342	0.66290	0.59521	0.40454	-0.20618	23.6	13111	100
2024-11-3 15:37:46.4	WT901BLE68(B2C0FB98454F)	-0.807	0.793	0.948	-70.251	-107.178	33.875	91.13	54.00	27.73	36.162	-12.054	-27.342	0.66290	0.59521	0.40454	-0.20618	23.6	13111	100
2024-11-3 15:37:46.73	WT901BLE68(B2C0FB98454F)	-1.109	1.169	-0.523	39.246	-15.015	53.284	90.11	51.02	23.26	38.024	-21.854	-16.954	0.66290	0.59521	0.40454	-0.20618	23.6	13111	100
2024-11-3 15:37:46.184	WT901BLE68(B2C0FB98454F)	-0.756	0.451	0.711	-113.953	-63.110	25.452	82.09	46.46	26.39	38.024	-21.854	-16.954	0.66290	0.59521	0.40454	-0.20618	23.6	13111	100
2024-11-3 15:37:46.275	WT901BLE68(B2C0FB98454F)	-0.650	1.011	0.022	-153.503	-15.991	21.667	72.68	44.64	21.10	38.024	-21.854	-16.954	0.79083	0.46249	0.39560	-0.06384	23.6	13111	100
2024-11-3 15:37:46.394	WT901BLE68(B2C0FB98454F)	-0.765	0.306	0.332	-35.156	-13.977	5.005	64.20	42.10	21.71	38.024	-21.854	-16.954	0.79083	0.46249	0.39560	-0.06384	23.6	13111	100
2024-11-3 15:37:46.483	WT901BLE68(B2C0FB98454F)	-0.905	0.650	0.379	18.494	-18.066	-15.137	62.84	42.51	17.98	32.928	-16.954	-28.420	0.79083	0.46249	0.39560	-0.06384	23.6	13111	100
2024-11-3 15:37:46.604	WT901BLE68(B2C0FB98454F)	-0.642	0.754	0.377	54.565	-20.386	-4.700	64.91	43.02	13.97	32.928	-16.954	-28.420	0.79083	0.46249	0.39560	-0.06384	23.6	13111	100
2024-11-3 15:37:46.676	WT901BLE68(B2C0FB98454F)	-0.756	0.652	0.244	34.058	-25.696	-22.034	66.31	44.04	10.17	32.928	-16.954	-28.420	0.78796	0.48456	0.35156	-0.14352	23.6	13111	100
2024-11-3 15:37:46.783	WT901BLE68(B2C0FB98454F)	-0.864	0.579	0.172	-25.391	-20.081	-14.648	63.33	44.85	5.11	32.928	-16.954	-28.420	0.78796	0.48456	0.35156	-0.14352	23.6	13111	100
2024-11-3 15:37:46.876	WT901BLE68(B2C0FB98454F)	-1.066	0.113	-0.106	40.894	82.214	-124.146	64.31	53.10	5.02	35.672	-14.406	-26.656	0.78796	0.48456	0.35156	-0.14352	23.6	13111	100
2024-11-3 15:37:46.994	WT901BLE68(B2C0FB98454F)	-1.250	0.395	-0.293	158.325	139.526	-225.525	89.29	73.77	21.28	35.672	-14.406	-26.656	0.78796	0.48456	0.35156	-0.14352	23.6	13111	100
2024-11-3 15:37:47.83	WT901BLE68(B2C0FB98454F)	-1.027	-0.009	0.015	28.076	197.815	-138.916	-176.61	72.22	113.72	35.672	-14.406	-26.656	0.41766	0.46194	0.70572	-0.33762	23.6	13111	100
2024-11-3 15:37:47.204	WT901BLE68(B2C0FB98454F)	-0.618	-0.199	-0.295	49.927	82.153	-50.537	-163.22	54.87	125.62	35.672	-14.406	-26.656	0.41766	0.46194	0.70572	-0.33762	23.6	13111	100
2024-11-3 15:37:47.294	WT901BLE68(B2C0FB98454F)	-0.841	-0.243	-0.810	50.659	47.241	-15.808	-161.42	52.01	129.05	43.904	15.288	11.564	0.41766	0.46194	0.70572	-0.33762	23.6	13111	100
2024-11-3 15:37:47.415	WT901BLE68(B2C0FB98454F)	-0.481	-0.074	-0.622	58.167	3.235	-10.315	-158.30	50.02	131.23	43.904	15.288	11.564	0.41766	0.46194	0.70572	-0.33762	23.6	13111	100
2024-11-3 15:37:47.475	WT901BLE68(B2C0FB98454F)	-0.666	-0.028	-0.544	-9.399	8.362	-23.560	-155.90	49.14	134.17	43.904	15.288	11.564	0.29068	0.42078	0.79410	-0.32822	23.6	13111	100
2024-11-3 15:37:47.594	WT901BLE68(B2C0FB98454F)	-0.572	-0.410	-0.667	3.845	6.897	-10.376	-156.15	47.44	135.43	43.904	15.288	11.564	0.29068	0.42078	0.79410	-0.32822	23.6	13111	100
2024-11-3 15:37:47.683	WT901BLE68(B2C0FB98454F)	-0.624	-0.352	-0.517	54.932	-5.920	-33.813	-151.09	46.32	138.68	40.376	22.638	12.936	0.29068	0.42078	0.79410	-0.32822	23.6	13111	100
2024-11-3 15:37:47.804	WT901BLE68(B2C0FB98454F)	-1.160	-0.209	-0.613	65.613	0.183	-19.409	-142.36	45.67	142.24	40.376	22.638	12.936	0.29068	0.42078	0.79410	-0.32822	23.6	13111	100
2024-11-3 15:37:47.894	WT901BLE68(B2C0FB98454F)	-0.514	-0.530	-0.706	30.518	-0.793	-13.489	-140.13	45.62	142.78	40.376	22.638	12.936	0.24301	0.39484	0.78036	-0.41949	23.6	13111	100
2024-11-3 15:37:48.14	WT901BLE68(B2C0FB98454F)	-0.492	-0.394	-0.455	25.391	-3.723	-27.832	-134.92	45.34	146.14	40.376	22.638	12.936	0.24301	0.39484	0.78036	-0.41949	23.6	13111	100
2024-11-3 15:37:48.76	WT901BLE68(B2C0FB98454F)	-0.696	-0.579	-0.412	-17.517	14.954	-25.085	-131.56	43.26	147.93	37.142	30.380	6.566	0.24301	0.39484	0.78036	-0.41949	23.6	13111	100
2024-11-3 15:37:48.193	WT901BLE68(B2C0FB98454F)	-0.461	-0.748	-0.488	20.996	-2.563	-8.850	-130.87	41.29	148.48	37.142	30.380	6.566	0.24301	0.39484	0.78036	-0.41949	23.6	13111	100
2024-11-3 15:37:48.283	WT901BLE68(B2C0FB98454F)	-0.544	-0.657	-0.479	8.362	-1.404	-23.010	-127.84	40.06	149.61	37.142	30.380	6.566	0.17862	0.36331	0.77481	-0.48544	23.6	13111	100
2024-11-3 15:37:48.404	WT901BLE68(B2C0FB98454F)	-0.561	-0.808	-0.417	0.000	7.446	-14.099	-128.21	37.71	149.69	37.142	30.380	6.566	0.17862	0.36331	0.77481	-0.48544	23.6	13111	100
2024-11-3 15:37:48.524	WT901BLE68(B2C0FB98454F)	-0.440	-0.708	-0.484	6.287	4.700	-14.893	-127.57	36.21	149.70	33.418	34.594	6.762	0.17862	0.36331	0.77481	-0.48544	23.6	13111	100
2024-11-3 15:37:48.615	WT901BLE68(B2C0FB98454F)	-0.505	-0.714	-0.476	6.775	-0.793	-10.010	-126.28	34.90	149.97	33.418	34.594	6.762	0.17862	0.36331	0.77481	-0.48544	23.6	13111	100
2024-11-3 15:37:48.704	WT901BLE68(B2C0FB98454F)	-0.529	-0.732	-0.436	17.334	-0.366	-7.446	-125.07	33.80	149.90	33.418	34.594	6.762	0.12482	0.34875	0.78116	-0.50244	23.6	13111	100
2024-11-3 15:37:48.824	WT901BLE68(B2C0FB98454F)	-0.456	-0.749	-0.430	13.489	-0.366	-10.437	-123.76	32.87	150.02	33.418	34.594	6.762	0.12482	0.34875	0.78116	-0.50244	23.6	13111	100
2024-11-3 15:37:48.884	WT901BLE68(B2C0FB98454F)	-0.497	-0.719	-0.402	6.470	3.601	-8.362	-122.21	32.32	150.40	31.164	37.436	4.704	0.12482	0.34875	0.78116	-0.50244	23.6	13111	100
2024-11-3 15:37:49.3	WT901BLE68(B2C0FB98454F)	-0.518	-0.801	-0.414	5.371	-2.441	-2.258	-121.28	31.67	150.46	31.164	37.436	4.704	0.12482	0.34875	0.78116	-0.50244	23.6	13111	100
2024-11-3 15:37:49.94	WT901BLE68(B2C0FB98454F)	-0.463	-0.792	-0.398	5.920	-1.648	-0.793	-120.43	31.53	150.45	31.164	37.436	4.704	0.09952	0.34457	0.76917	-0.52881	23.6	13111	100
2024-11-3 15:37:49.214	WT901BLE68(B2C0FB98454F)	-0.546	-0.812	-0.471	2.258	-0.610	3.784	-119.77	31.66	150.08	31.164	37.436	4.704	0.09952	0.34457	0.76917	-0.52881	23.6	13111	100
2024-11-3 15:37:49.304	WT901BLE68(B2C0FB98454F)	-0.484	-0.884	-0.439	-13.367	-4.333	8.606	-120.52	31.77	149.77	31.262	37.338	4.116	0.09952	0.34457	0.76917	-0.52881	23.6	13111	100
2024-11-3 15:37:49.424	WT901BLE68(B2C0FB98454F)	-0.529	-0.759	-0.430	-10.498	-0.793	12.817	-121.44	32.63	148.93	31.262	37.338	4.116	0.09952	0.34457	0.76917	-0.52881	23.6	13111	100
2024-11-3 15:37:49.483	WT901BLE68(B2C0FB98454F)	-0.558	-0.889	-0.429	-7.629	-9.399	17.090	-122.57	33.99	147.86	31.262	37.338	4.116	0.11920	0.37253	0.76004	-0.51889	23.6	13111	100
2024-11-3 15:37:49.603	WT901BLE68(B2C0FB98454F)	-0.700	-0.635	-0.452	4.028	-10.681	24.353	-122.20	36.19	147.06	31.262	37.338	4.116	0.11920	0.37253	0.76004	-0.51889	23.6	13111	100
2024-11-3 15:37:49.694	WT901BLE68(B2C0FB98454F)	-0.640	-0.742	-0.396	-2.014	-3.296	26.306	-123.56	38.67	145.63	36.260	32.046	4.018	0.11920	0.37253	0.76004	-0.51889	23.6	13111	100
2024-11-3 15:37:49.814	WT901BLE68(B2C0FB98454F)	-0.551	-0.456	-0.404	1.587	-3.235	29.480	-124.37	41.41	143.90	36.260	32.046	4.018	0.11920	0.37253	0.76004	-0.51889	23.6	13111	100
2024-11-3 15:37:49.904	WT901BLE68(B2C0FB98454F)	-0.425	-0.379	-0.350	-19.104	0.000	22.339	-128.12	43.64	141.64	36.260	32.046	4.018	0.18726	0.43124	0.73062	-0.49500	23.6	13111	100
2024-11-3 15:37:50.24	WT901BLE68(B2C0FB98454F)	-0.439	-0.461	-0.235	13.428	-12.756	8.667	-128.17	45.43	141.56	36.260	32.046	4.018	0.18726	0.43124	0.73062	-0.49500	23.6	13111	100
2024-11-3 15:37:50.114	WT901BLE68(B2C0FB98454F)	-0.662	-0.319	-0.297	15.991	3.418	-32.288	-125.07	43.95	143.14	38.318	29.302	3.626	0.18726	0.43124	0.73062	-0.49500	23.6	13111	100
2024-11-3 15:37:50.234	WT901BLE68(B2C0FB98454F)	-0.690	-0.582	-0.397	-6.165	23.560	-36.560	-125.08	40.13	144.11	38.318	29.302	3.626	0.18726	0.43124	0.73062	-0.49500	23.6	13111	100
2024-11-3 15:37:50.294	WT901BLE68(B2C0FB98454F)	-0.620	-0.690	-0.518	11.047	6.897	-32.227	-123.38	36.74	145.67	38.318	29.302	3.626	0.12030	0.38080	0.75735	-0.51654	23.6	13111	100
2024-11-3 15:37:50.415	WT901BLE68(B2C0FB98454F)	-0.448	-0.837	-0.481	12.390	3.479	-25.696	-121.99	34.53	146.97	38.318	29.302	3.626	0.12030	0.38080	0.75735	-0.51654	23.6	13111	100
2024-11-3 15:37:50.504	WT901BLE68(B2C0FB98454F)	-0.489	-0.895	-0.436	4.150	-1.587	-12.146	-120.70	32.56	148.04	31.654	36.848	4.214	0.12030	0.38080	0.75735	-0.51654	23.6	13111	100
2024-11-3 15:37:50.624	WT901BLE68(B2C0FB98454F)	-0.493	-0.814	-0.409	13.794	-1.282	-11.536	-119.71	31.31	148.44	31.654	36.848	4.214	0.12030	0.38080	0.75735	-0.51654	23.6	13111	100
2024-11-3 15:37:50.714	WT901BLE68(B2C0FB98454F)	-0.520	-0.771	-0.353	-6.165	6.592	-7.080	-119.26	30.20	148.39	31.654	36.848	4.214	0.07410	0.35187	0.76901	-0.52841	23.6	13111	100
2024-11-3 15:37:50.834	WT901BLE68(B2C0FB98454F)	-0.517	-0.904	-0.439	-0.854	-0.610	1.282	-120.48	29.33	147.96	31.654	36.848	4.214	0.07410	0.35187	0.76901	-0.52841	23.6	13111	100
2024-11-3 15:37:50.924	WT901BLE68(B2C0FB98454F)	-0.528	-0.887	-0.516	-0.977	-2.136	5.859	-120.66	29.72	147.62	30.282	37.828	5.292	0.07410	0.35187	0.76901	-0.52841	23.6	13111	100
2024-11-3 15:37:51.14	WT901BLE68(B2C0FB98454F)	-0.495	-0.857	-0.484	2.930	-9.521	22.705	-121.07	30.88	147.10	30.282	37.828	5.292	0.07410	0.35187	0.76901	-0.52841	23.6	13111	100
2024-11-3 15:37:51.104	WT901BLE68(B2C0FB98454F)	-0.573	-0.872	-0.426	-20.691	-4.822	24.658	-122.03	33.00	146.12	30.282	37.828	5.292	0.10669	0.38550	0.75586	-0.51822	23.6	13111	100
2024-11-3 15:37:51.224	WT901BLE68(B2C0FB98454F)	-0.633	-0.749	-0.416	-15.015	-10.315	35.217	-123.06	35.74	144.65	30.282	37.828	5.292	0.10669	0.38550	0.75586	-0.51822	23.6	13111	100
2024-11-3 15:37:51.314	WT901BLE68(B2C0FB98454F)	-0.576	-0.566	-0.428	-5.066	-10.803	36.865	-124.31	39.22	142.79	37.044	30.772	4.998	0.10669	0.38550	0.75586	-0.51822	23.6	13111	100
2024-11-3 15:37:51.434	WT901BLE68(B2C0FB98454F)	-0.407	-0.441	-0.326	-28.564	1.099	20.996	-127.30	41.72	141.06	37.044	30.772	4.998	0.10669	0.38550	0.75586	-0.51822	23.6	13111	100
2024-11-3 15:37:51.525	WT901BLE68(B2C0FB98454F)	-0.492	-0.290	-0.322	3.113	-1.099	-4.028	-128.35	42.99	140.54	37.044	30.772	4.998	0.16183	0.42755	0.73779	-0.49658	23.6	13111	100
2024-11-3 15:37:51.644	WT901BLE68(B2C0FB98454F)	-0.678	-0.313	-0.394	-7.874	14.404	-27.100	-128.06	41.30	141.35	37.044	30.772	4.998	0.16183	0.42755	0.73779	-0.49658	23.6	13111	100
2024-11-3 15:37:51.705	WT901BLE68(B2C0FB98454F)	-0.593	-0.687	-0.482	10.742	9.949	-29.297	-127.94	38.27	142.66	35.476	32.242	6.860	0.16183	0.42755	0.73779	-0.49658	23.6	13111	100
2024-11-3 15:37:51.824	WT901BLE68(B2C0FB98454F)	-0.558	-0.767	-0.512	22.583	1.953	-26.978	-125.45	35.66	144.71	35.476	32.242	6.860	0.16183	0.42755	0.73779	-0.49658	23.6	13111	100
2024-11-3 15:37:51.914	WT901BLE68(B2C0FB98454F)	-0.479	-0.805	-0.471	7.996	4.822	-22.278	-123.59	33.34	145.97	35.476	32.242	6.860	0.09186	0.36929	0.76660	-0.51709	23.6	13111	100
2024-11-3 15:37:52.34	WT901BLE68(B2C0FB98454F)	-0.512	-0.844	-0.412	17.578	2.563	-17.578	-121.55	31.28	146.67	35.476	32.242	6.860	0.09186	0.36929	0.76660	-0.51709	23.6	13111	100
2024-11-3 15:37:52.125	WT901BLE68(B2C0FB98454F)	-0.514	-0.787	-0.445	14.282	2.258	-14.038	-119.83	29.89	147.08	29.988	38.220	4.704	0.09186	0.36929	0.76660	-0.51709	23.6	13111	100
2024-11-3 15:37:52.244	WT901BLE68(B2C0FB98454F)	-0.521	-0.848	-0.474	-1.648	4.639	-4.028	-119.25	28.77	147.27	29.988	38.220	4.704	0.09186	0.36929	0.76660	-0.51709	23.6	13111	100
2024-11-3 15:37:52.304	WT901BLE68(B2C0FB98454F)	-0.548	-0.916	-0.482	4.456	-3.601	4.456	-119.21	28.80	147.08	29.988	38.220	4.704	0.06757	0.36069	0.75977	-0.53662	23.6	13111	100
2024-11-3 15:37:52.453	WT901BLE68(B2C0FB98454F)	-0.421	-1.042	-0.284	-0.427	-4.883	14.526	-119.04	29.98	146.80	29.988	38.220	4.704	0.06757	0.36069	0.75977	-0.53662	23.6	13111	100
2024-11-3 15:37:52.514	WT901BLE68(B2C0FB98454F)	-0.534	-0.552	-0.546	0.671	9.583	-6.470	-113.76	31.02	148.11	31.066	37.436	3.038	0.06757	0.36069	0.75977	-0.53662	23.6	13111	100
2024-11-3 15:37:52.634	WT901BLE68(B2C0FB98454F)	-0.396	-1.549	-0.302	-94.971	49.561	26.184	-124.98	30.10	142.58	31.066	37.436	3.038	0.06757	0.36069	0.75977	-0.53662	23.6	13111	100
2024-11-3 15:37:52.724	WT901BLE68(B2C0FB98454F)	-0.522	-0.076	-0.641	-15.503	11.108	35.889	-124.38	34.10	140.09	31.066	37.436	3.038	0.11331	0.42319	0.75653	-0.48541	23.6	13111	100
2024-11-3 15:37:52.845	WT901BLE68(B2C0FB98454F)	-0.282	-0.485	-0.357	-17.273	-4.517	24.597	-129.78	36.70	138.61	31.066	37.436	3.038	0.11331	0.42319	0.75653	-0.48541	23.6	13111	100
2024-11-3 15:37:52.934	WT901BLE68(B2C0FB98454F)	-0.401	-0.375	-0.272	8.484	-8.545	-0.305	-130.05	38.50	138.65	36.260	30.870	7.938	0.11331	0.42319	0.75653	-0.48541	23.6	13111	100
2024-11-3 15:37:53.54	WT901BLE68(B2C0FB98454F)	-0.672	-0.364	-0.430	11.292	10.193	-26.611	-127.37	37.07	140.10	36.260	30.870	7.938	0.11331	0.42319	0.75653	-0.48541	23.6	13111	100
2024-11-3 15:37:53.115	WT901BLE68(B2C0FB98454F)	-0.578	-0.802	-0.566	25.208	6.775	-26.733	-126.55	34.22	141.00	36.260	30.870	7.938	0.07986	0.39532	0.76007	-0.50943	23.6	13111	100
2024-11-3 15:37:53.234	WT901BLE68(B2C0FB98454F)	-0.524	-0.806	-0.529	21.851	1.160	-25.513	-123.55	31.65	142.65	36.260	30.870	7.938	0.07986	0.39532	0.76007	-0.50943	23.6	13111	100
2024-11-3 15:37:53.324	WT901BLE68(B2C0FB98454F)	-0.531	-0.831	-0.441	5.493	1.526	-21.362	-121.33	29.79	144.24	30.478	37.632	5.782	0.07986	0.39532	0.76007	-0.50943	23.6	13111	100
2024-11-3 15:37:53.444	WT901BLE68(B2C0FB98454F)	-0.456	-0.849	-0.446	-1.648	8.057	-16.174	-120.76	28.04	145.17	30.478	37.632	5.782	0.07986	0.39532	0.76007	-0.50943	23.6	13111	100
2024-11-3 15:37:53.535	WT901BLE68(B2C0FB98454F)	-0.523	-0.911	-0.484	-4.211	-0.732	-5.981	-120.39	26.75	145.72	30.478	37.632	5.782	0.04315	0.35767	0.76953	-0.52719	23.6	13111	100
2024-11-3 15:37:53.654	WT901BLE68(B2C0FB98454F)	-0.532	-0.900	-0.517	0.610	-1.648	4.822	-119.92	26.81	145.60	30.478	37.632	5.782	0.04315	0.35767	0.76953	-0.52719	23.6	13111	100
2024-11-3 15:37:53.715	WT901BLE68(B2C0FB98454F)	-0.547	-0.864	-0.479	-4.883	-2.136	16.052	-120.14	27.72	145.11	30.282	37.926	5.782	0.04315	0.35767	0.76953	-0.52719	23.6	13111	100
2024-11-3 15:37:53.834	WT901BLE68(B2C0FB98454F)	-0.517	-0.911	-0.513	-19.958	-2.930	21.667	-121.48	29.42	143.95	30.282	37.926	5.782	0.04315	0.35767	0.76953	-0.52719	23.6	13111	100
2024-11-3 15:37:53.925	WT901BLE68(B2C0FB98454F)	-0.523	-0.889	-0.486	-7.446	-15.198	35.583	-122.85	32.22	142.83	30.282	37.926	5.782	0.10080	0.41220	0.74506	-0.51447	23.6	13111	100
2024-11-3 15:37:54.44	WT901BLE68(B2C0FB98454F)	-0.473	-0.553	-0.494	-11.902	-9.460	43.152	-124.20	35.83	141.19	30.282	37.926	5.782	0.10080	0.41220	0.74506	-0.51447	23.6	13111	100
2024-11-3 15:37:54.135	WT901BLE68(B2C0FB98454F)	-0.371	-0.505	-0.362	-24.902	-1.221	24.414	-127.77	38.90	138.98	37.338	29.988	6.762	0.10080	0.41220	0.74506	-0.51447	23.6	13111	100
2024-11-3 15:37:54.254	WT901BLE68(B2C0FB98454F)	-0.357	-0.270	-0.240	20.447	-8.850	-5.981	-127.70	40.01	138.64	37.338	29.988	6.762	0.10080	0.41220	0.74506	-0.51447	23.6	13111	100
2024-11-3 15:37:54.344	WT901BLE68(B2C0FB98454F)	-0.697	-0.189	-0.291	11.597	12.146	-31.677	-124.63	38.36	140.54	37.338	29.988	6.762	0.10080	0.41220	0.74506	-0.51447	23.6	13111	100
2024-11-3 15:37:54.465	WT901BLE68(B2C0FB98454F)	-0.563	-0.933	-0.458	-4.333	17.700	-33.752	-125.69	34.96	141.42	37.338	29.988	6.762	0.10242	0.40836	0.75519	-0.50232	23.6	13111	100
2024-11-3 15:37:54.524	WT901BLE68(B2C0FB98454F)	-0.526	-0.834	-0.559	17.456	3.418	-29.846	-123.31	32.05	143.12	31.458	36.456	6.272	0.10242	0.40836	0.75519	-0.50232	23.6	13111	100
2024-11-3 15:37:54.645	WT901BLE68(B2C0FB98454F)	-0.461	-0.899	-0.510	9.033	6.470	-19.348	-121.78	29.63	144.33	31.458	36.456	6.272	0.10242	0.40836	0.75519	-0.50232	23.6	13111	100
2024-11-3 15:37:54.735	WT901BLE68(B2C0FB98454F)	-0.448	-0.811	-0.477	12.146	1.892	-12.451	-120.33	27.97	145.06	31.458	36.456	6.272	0.04211	0.36151	0.76297	-0.53412	23.6	13111	100
2024-11-3 15:37:54.854	WT901BLE68(B2C0FB98454F)	-0.504	-0.831	-0.450	10.071	-0.549	-5.676	-119.03	27.14	145.43	31.458	36.456	6.272	0.04211	0.36151	0.76297	-0.53412	23.6	13111	100
2024-11-3 15:37:54.945	WT901BLE68(B2C0FB98454F)	-0.546	-0.855	-0.493	0.671	2.319	3.967	-118.95	26.88	145.18	31.458	36.456	6.272	0.04211	0.36151	0.76297	-0.53412	23.6	13111	100
2024-11-3 15:37:55.69	WT901BLE68(B2C0FB98454F)	-0.499	-0.933	-0.505	-2.930	-4.333	13.489	-119.30	27.75	144.76	29.302	38.710	5.096	0.04211	0.36151	0.76297	-0.53412	23.6	13111	100
2024-11-3 15:37:55.124	WT901BLE68(B2C0FB98454F)	-0.503	-0.945	-0.442	-18.799	-7.935	20.508	-120.28	29.55	144.32	29.302	38.710	5.096	0.04211	0.36151	0.76297	-0.53412	23.6	13111	100
2024-11-3 15:37:55.244	WT901BLE68(B2C0FB98454F)	-0.563	-0.828	-0.392	0.305	-15.015	33.936	-121.17	32.40	143.43	29.302	38.710	5.096	0.07993	0.39380	0.74826	-0.52774	23.6	13111	100
2024-11-3 15:37:55.335	WT901BLE68(B2C0FB98454F)	-0.583	-0.562	-0.400	-25.269	-1.892	41.199	-123.76	35.82	141.34	35.966	31.654	6.370	0.07993	0.39380	0.74826	-0.52774	23.6	13111	100
2024-11-3 15:37:55.454	WT901BLE68(B2C0FB98454F)	-0.332	-0.506	-0.359	-16.235	-1.892	25.635	-127.13	38.57	139.26	35.966	31.654	6.370	0.07993	0.39380	0.74826	-0.52774	23.6	13111	100
2024-11-3 15:37:55.544	WT901BLE68(B2C0FB98454F)	-0.428	-0.321	-0.285	12.817	-3.479	-13.733	-126.94	39.41	139.54	35.966	31.654	6.370	0.12064	0.41867	0.74335	-0.50745	23.6	13111	100
2024-11-3 15:37:55.669	WT901BLE68(B2C0FB98454F)	-0.623	-0.457	-0.370	-2.747	13.916	-29.297	-125.51	37.42	141.20	35.966	31.654	6.370	0.12064	0.41867	0.74335	-0.50745	23.6	13111	100
2024-11-3 15:37:55.754	WT901BLE68(B2C0FB98454F)	-0.524	-0.898	-0.512	21.912	6.226	-27.588	-125.17	34.44	142.09	35.966	31.654	6.370	0.12064	0.41867	0.74335	-0.50745	23.6	13111	100
2024-11-3 15:37:55.874	WT901BLE68(B2C0FB98454F)	-0.493	-0.836	-0.489	1.221	8.545	-28.870	-122.87	31.48	143.54	32.634	35.378	6.370	0.12064	0.41867	0.74335	-0.50745	23.6	13111	100
2024-11-3 15:37:55.934	WT901BLE68(B2C0FB98454F)	-0.490	-0.863	-0.472	1.770	7.080	-22.278	-122.48	28.82	144.15	32.634	35.378	6.370	0.12064	0.41867	0.74335	-0.50745	23.6	13111	100
2024-11-3 15:37:56.54	WT901BLE68(B2C0FB98454F)	-0.451	-0.870	-0.510	7.629	1.160	-12.268	-121.35	27.24	144.73	32.634	35.378	6.370	0.04547	0.36438	0.77103	-0.52017	23.6	13111	100
2024-11-3 15:37:56.144	WT901BLE68(B2C0FB98454F)	-0.532	-0.755	-0.494	6.287	2.319	-7.568	-120.26	26.36	145.24	28.420	39.102	6.174	0.04547	0.36438	0.77103	-0.52017	23.6	13111	100
2024-11-3 15:37:56.269	WT901BLE68(B2C0FB98454F)	-0.440	-1.047	-0.522	2.747	-1.343	6.531	-120.75	26.24	144.89	28.420	39.102	6.174	0.04547	0.36438	0.77103	-0.52017	23.6	13111	100
2024-11-3 15:37:56.354	WT901BLE68(B2C0FB98454F)	-0.407	-0.885	-0.496	11.414	-9.094	12.512	-119.33	27.24	144.96	28.420	39.102	6.174	0.04547	0.36438	0.77103	-0.52017	23.6	13111	100
2024-11-3 15:37:56.475	WT901BLE68(B2C0FB98454F)	-0.499	-0.941	-0.427	-69.580	25.513	14.832	-121.07	28.04	143.34	28.420	39.102	6.174	0.04538	0.37762	0.76282	-0.52280	23.6	13111	100
2024-11-3 15:37:56.534	WT901BLE68(B2C0FB98454F)	-0.579	-0.644	-0.599	15.686	-20.020	30.945	-123.67	29.61	141.37	28.420	39.102	6.174	0.04538	0.37762	0.76282	-0.52280	23.6	13111	100
2024-11-3 15:37:56.654	WT901BLE68(B2C0FB98454F)	-0.557	-0.586	-0.467	-5.981	-12.146	37.354	-126.18	33.08	139.70	33.320	34.300	8.036	0.04538	0.37762	0.76282	-0.52280	23.6	13111	100
2024-11-3 15:37:56.744	WT901BLE68(B2C0FB98454F)	-0.372	-0.518	-0.390	-21.851	-3.113	31.006	-129.43	36.23	137.91	33.320	34.300	8.036	0.04538	0.37762	0.76282	-0.52280	23.6	13111	100
2024-11-3 15:37:56.869	WT901BLE68(B2C0FB98454F)	-0.394	-0.347	-0.340	15.930	-9.644	2.258	-129.55	37.92	137.36	33.320	34.300	8.036	0.12146	0.43930	0.74402	-0.48846	23.6	13111	100
2024-11-3 15:37:56.954	WT901BLE68(B2C0FB98454F)	-0.649	-0.325	-0.316	18.494	3.296	-23.804	-127.07	37.05	138.82	33.320	34.300	8.036	0.12146	0.43930	0.74402	-0.48846	23.6	13111	100
2024-11-3 15:37:57.75	WT901BLE68(B2C0FB98454F)	-0.679	-0.764	-0.466	-1.404	16.907	-30.762	-126.55	34.07	139.91	34.496	33.222	7.840	0.12146	0.43930	0.74402	-0.48846	23.6	13111	100
2024-11-3 15:37:57.177	WT901BLE68(B2C0FB98454F)	-0.375	-0.863	-0.474	31.128	-2.747	-29.297	-124.38	31.57	141.85	34.496	33.222	7.840	0.12146	0.43930	0.74402	-0.48846	23.6	13111	100
2024-11-3 15:37:57.283	WT901BLE68(B2C0FB98454F)	-0.472	-0.716	-0.486	2.625	5.127	-25.024	-120.95	29.78	144.18	34.496	33.222	7.840	0.06079	0.37744	0.76004	-0.52542	23.6	13111	100
2024-11-3 15:37:57.344	WT901BLE68(B2C0FB98454F)	-0.483	-0.847	-0.466	-0.061	7.690	-13.611	-121.07	27.63	144.57	34.496	33.222	7.840	0.06079	0.37744	0.76004	-0.52542	23.6	13111	100
2024-11-3 15:37:57.469	WT901BLE68(B2C0FB98454F)	-0.539	-0.887	-0.445	9.766	6.470	-4.211	-120.54	26.71	144.22	29.106	38.514	6.076	0.06079	0.37744	0.76004	-0.52542	23.6	13111	100
2024-11-3 15:37:57.554	WT901BLE68(B2C0FB98454F)	-0.491	-0.865	-0.523	-6.775	4.700	0.366	-120.63	26.45	144.04	29.106	38.514	6.076	0.06079	0.37744	0.76004	-0.52542	23.6	13111	100
2024-11-3 15:37:57.675	WT901BLE68(B2C0FB98454F)	-0.479	-0.883	-0.556	-9.521	-2.075	10.681	-121.23	27.27	143.99	29.106	38.514	6.076	0.04602	0.37244	0.76819	-0.51859	23.6	13111	100
2024-11-3 15:37:57.778	WT901BLE68(B2C0FB98454F)	-0.556	-0.996	-0.500	-2.258	-14.832	24.597	-121.92	29.23	143.56	29.106	38.514	6.076	0.04602	0.37244	0.76819	-0.51859	23.6	13111	100
2024-11-3 15:37:57.884	WT901BLE68(B2C0FB98454F)	-0.497	-0.762	-0.433	-5.310	-15.381	34.058	-121.40	32.37	142.97	32.928	35.378	5.390	0.04602	0.37244	0.76819	-0.51859	23.6	13111	100
2024-11-3 15:37:57.944	WT901BLE68(B2C0FB98454F)	-0.507	-0.487	-0.445	-26.733	1.099	30.396	-123.53	35.28	141.28	32.928	35.378	5.390	0.04602	0.37244	0.76819	-0.51859	23.6	13111	100
2024-11-3 15:37:58.69	WT901BLE68(B2C0FB98454F)	-0.341	-0.528	-0.303	-30.457	0.183	18.311	-128.30	37.44	139.27	32.928	35.378	5.390	0.12387	0.42831	0.74969	-0.48892	23.6	13111	100
2024-11-3 15:37:58.154	WT901BLE68(B2C0FB98454F)	-0.402	-0.355	-0.294	11.292	-0.977	-9.399	-129.20	38.00	138.74	32.928	35.378	5.390	0.12387	0.42831	0.74969	-0.48892	23.6	13111	100
2024-11-3 15:37:58.275	WT901BLE68(B2C0FB98454F)	-0.635	-0.386	-0.423	11.108	5.310	-27.527	-126.22	36.83	140.35	35.770	31.752	7.350	0.12387	0.42831	0.74969	-0.48892	23.6	13111	100
2024-11-3 15:37:58.376	WT901BLE68(B2C0FB98454F)	-0.510	-0.798	-0.471	14.465	11.292	-27.283	-125.29	33.85	141.45	35.770	31.752	7.350	0.12387	0.42831	0.74969	-0.48892	23.6	13111	100
2024-11-3 15:37:58.484	WT901BLE68(B2C0FB98454F)	-0.455	-0.872	-0.519	7.080	10.498	-27.588	-123.80	31.07	142.50	35.770	31.752	7.350	0.06790	0.38861	0.76422	-0.51016	23.6	13111	100
2024-11-3 15:37:58.605	WT901BLE68(B2C0FB98454F)	-0.462	-0.924	-0.490	20.142	0.000	-19.714	-122.37	28.93	143.33	35.770	31.752	7.350	0.06790	0.38861	0.76422	-0.51016	23.6	13111	100
2024-11-3 15:37:58.695	WT901BLE68(B2C0FB98454F)	-0.484	-0.792	-0.450	20.020	-0.122	-8.423	-119.88	27.47	144.20	29.596	38.318	5.782	0.06790	0.38861	0.76422	-0.51016	23.6	13111	100
2024-11-3 15:37:58.754	WT901BLE68(B2C0FB98454F)	-0.485	-0.880	-0.477	5.554	3.357	-6.287	-119.22	26.85	144.33	29.596	38.318	5.782	0.06790	0.38861	0.76422	-0.51016	23.6	13111	100
2024-11-3 15:37:58.874	WT901BLE68(B2C0FB98454F)	-0.423	-0.909	-0.490	5.615	-3.174	5.676	-118.76	26.80	144.46	29.596	38.318	5.782	0.03448	0.36707	0.75888	-0.53671	23.6	13111	100
2024-11-3 15:37:58.975	WT901BLE68(B2C0FB98454F)	-0.500	-0.845	-0.482	-9.644	-2.625	9.033	-119.19	27.59	144.23	29.596	38.318	5.782	0.03448	0.36707	0.75888	-0.53671	23.6	13111	100
2024-11-3 15:37:59.84	WT901BLE68(B2C0FB98454F)	-0.581	-0.882	-0.515	-30.212	2.380	16.968	-121.40	28.50	143.32	30.478	37.632	6.468	0.03448	0.36707	0.75888	-0.53671	23.6	13111	100
2024-11-3 15:37:59.176	WT901BLE68(B2C0FB98454F)	-0.549	-0.912	-0.488	-8.789	-13.855	30.823	-123.62	30.67	142.27	30.478	37.632	6.468	0.03448	0.36707	0.75888	-0.53671	23.6	13111	100
2024-11-3 15:37:59.294	WT901BLE68(B2C0FB98454F)	-0.526	-0.670	-0.479	-5.920	-12.695	35.217	-124.38	34.26	141.06	30.478	37.632	6.468	0.09845	0.41650	0.74759	-0.50775	23.6	13111	100
2024-11-3 15:37:59.354	WT901BLE68(B2C0FB98454F)	-0.383	-0.513	-0.324	-23.499	-7.080	38.147	-127.80	37.22	138.58	30.478	37.632	6.468	0.09845	0.41650	0.74759	-0.50775	23.6	13111	100
2024-11-3 15:37:59.474	WT901BLE68(B2C0FB98454F)	-0.349	-0.318	-0.277	15.625	-9.644	4.272	-127.50	39.60	137.79	37.436	29.988	6.566	0.09845	0.41650	0.74759	-0.50775	23.6	13111	100
2024-11-3 15:37:59.576	WT901BLE68(B2C0FB98454F)	-0.608	-0.252	-0.260	18.127	4.944	-24.719	-125.36	38.64	139.28	37.436	29.988	6.566	0.09845	0.41650	0.74759	-0.50775	23.6	13111	100
2024-11-3 15:37:59.683	WT901BLE68(B2C0FB98454F)	-0.659	-0.704	-0.436	-12.207	25.146	-31.067	-126.21	35.67	140.20	37.436	29.988	6.566	0.10013	0.41602	0.75323	-0.49942	23.6	13111	100
2024-11-3 15:37:59.775	WT901BLE68(B2C0FB98454F)	-0.552	-0.689	-0.531	12.207	13.672	-33.264	-125.21	32.32	141.25	37.436	29.988	6.566	0.10013	0.41602	0.75323	-0.49942	23.6	13111	100
2024-11-3 15:37:59.895	WT901BLE68(B2C0FB98454F)	-0.411	-0.865	-0.543	16.235	0.610	-24.658	-123.95	30.11	142.39	31.556	36.260	7.644	0.10013	0.41602	0.75323	-0.49942	23.6	13111	100
2024-11-3 15:37:59.983	WT901BLE68(B2C0FB98454F)	-0.417	-0.741	-0.499	12.268	1.038	-18.066	-121.58	28.31	143.92	31.556	36.260	7.644	0.10013	0.41602	0.75323	-0.49942	23.6	13111	100
2024-11-3 15:38:0.135	WT901BLE68(B2C0FB98454F)	-0.435	-0.845	-0.489	-3.784	5.310	-14.160	-121.77	26.65	144.21	31.556	36.260	7.644	0.03839	0.36545	0.77386	-0.51572	23.6	13111	100
2024-11-3 15:38:0.178	WT901BLE68(B2C0FB98454F)	-0.502	-0.875	-0.479	1.099	0.549	-0.244	-121.55	26.07	144.20	31.556	36.260	7.644	0.03839	0.36545	0.77386	-0.51572	23.6	13111	100
2024-11-3 15:38:0.314	WT901BLE68(B2C0FB98454F)	-0.473	-0.964	-0.521	3.418	-5.798	7.751	-121.18	26.43	143.81	29.106	38.514	6.664	0.03839	0.36545	0.77386	-0.51572	23.6	13111	100
2024-11-3 15:38:0.373	WT901BLE68(B2C0FB98454F)	-0.487	-0.840	-0.528	2.930	-11.169	12.451	-120.57	27.58	143.81	29.106	38.514	6.664	0.03839	0.36545	0.77386	-0.51572	23.6	13111	100
2024-11-3 15:38:0.495	WT901BLE68(B2C0FB98454F)	-0.569	-0.898	-0.579	-22.400	-2.747	16.968	-122.21	29.00	143.24	29.106	38.514	6.664	0.06644	0.38986	0.76407	-0.50958	23.6	13111	100
2024-11-3 15:38:0.584	WT901BLE68(B2C0FB98454F)	-0.549	-0.828	-0.463	7.019	-20.813	41.626	-123.57	32.14	141.83	29.106	38.514	6.664	0.06644	0.38986	0.76407	-0.50958	23.6	13111	100
2024-11-3 15:38:0.704	WT901BLE68(B2C0FB98454F)	-0.503	-0.559	-0.397	-16.663	-11.230	35.034	-123.95	36.17	140.69	35.868	32.144	5.782	0.06644	0.38986	0.76407	-0.50958	23.6	13111	100
2024-11-3 15:38:0.777	WT901BLE68(B2C0FB98454F)	-0.385	-0.395	-0.268	-5.371	-8.850	23.743	-125.49	38.93	139.65	35.868	32.144	5.782	0.06644	0.38986	0.76407	-0.50958	23.6	13111	100
2024-11-3 15:38:0.884	WT901BLE68(B2C0FB98454F)	-0.495	-0.340	-0.265	7.385	-2.563	-9.399	-125.25	40.40	139.47	35.868	32.144	5.782	0.12955	0.43369	0.72693	-0.51630	23.6	13111	100
2024-11-3 15:38:0.977	WT901BLE68(B2C0FB98454F)	-0.642	-0.431	-0.340	-5.493	17.639	-27.100	-124.83	38.30	140.39	35.868	32.144	5.782	0.12955	0.43369	0.72693	-0.51630	23.6	13111	100
2024-11-3 15:38:1.94	WT901BLE68(B2C0FB98454F)	-0.606	-0.663	-0.477	2.502	23.560	-33.081	-125.22	35.24	140.86	34.398	33.516	7.154	0.12955	0.43369	0.72693	-0.51630	23.6	13111	100
2024-11-3 15:38:1.183	WT901BLE68(B2C0FB98454F)	-0.446	-0.810	-0.512	12.451	8.179	-27.466	-124.33	32.03	141.71	34.398	33.516	7.154	0.12955	0.43369	0.72693	-0.51630	23.6	13111	100
2024-11-3 15:38:1.305	WT901BLE68(B2C0FB98454F)	-0.399	-0.664	-0.471	23.926	1.831	-21.912	-121.27	30.32	143.13	34.398	33.516	7.154	0.05325	0.38013	0.75797	-0.52731	23.6	13111	100
2024-11-3 15:38:1.394	WT901BLE68(B2C0FB98454F)	-0.529	-0.788	-0.457	0.000	9.155	-19.104	-120.66	28.29	143.79	34.398	33.516	7.154	0.05325	0.38013	0.75797	-0.52731	23.6	13111	100
2024-11-3 15:38:1.514	WT901BLE68(B2C0FB98454F)	-0.378	-0.878	-0.444	1.831	3.540	-9.460	-120.67	26.60	143.92	28.910	38.808	5.978	0.05325	0.38013	0.75797	-0.52731	23.6	13111	100
2024-11-3 15:38:1.575	WT901BLE68(B2C0FB98454F)	-0.437	-0.783	-0.481	15.747	-5.432	-6.226	-119.10	26.05	144.36	28.910	38.808	5.978	0.05325	0.38013	0.75797	-0.52731	23.6	13111	100
2024-11-3 15:38:1.694	WT901BLE68(B2C0FB98454F)	-0.462	-0.823	-0.439	1.404	0.122	-4.089	-118.52	25.81	144.54	28.910	38.808	5.978	0.02536	0.36154	0.76205	-0.53650	23.6	13111	100
2024-11-3 15:38:1.783	WT901BLE68(B2C0FB98454F)	-0.551	-0.817	-0.486	-2.747	-2.686	1.953	-118.45	25.64	144.74	28.910	38.808	5.978	0.02536	0.36154	0.76205	-0.53650	23.6	13111	100
2024-11-3 15:38:1.905	WT901BLE68(B2C0FB98454F)	-0.489	-0.948	-0.502	-10.437	-0.793	6.409	-119.40	26.22	144.56	29.008	38.808	5.390	0.02536	0.36154	0.76205	-0.53650	23.6	13111	100
2024-11-3 15:38:1.995	WT901BLE68(B2C0FB98454F)	-0.439	-0.859	-0.513	-4.395	-10.193	20.935	-119.60	28.01	144.58	29.008	38.808	5.390	0.02536	0.36154	0.76205	-0.53650	23.6	13111	100
2024-11-3 15:38:2.114	WT901BLE68(B2C0FB98454F)	-0.664	-0.577	-0.554	-31.738	18.616	14.343	-120.94	29.69	143.35	29.008	38.808	5.390	0.05878	0.39371	0.76694	-0.50323	23.6	13111	100
2024-11-3 15:38:2.177	WT901BLE68(B2C0FB98454F)	-0.521	-0.624	-0.406	-33.691	-5.554	33.691	-125.63	29.99	140.27	29.008	38.808	5.390	0.05878	0.39371	0.76694	-0.50323	23.6	13111	100
2024-11-3 15:38:2.294	WT901BLE68(B2C0FB98454F)	-0.429	-0.499	-0.438	-40.161	-5.066	38.086	-126.09	34.42	138.71	35.574	31.850	7.938	0.05878	0.39371	0.76694	-0.50323	23.6	13111	100
2024-11-3 15:38:2.383	WT901BLE68(B2C0FB98454F)	-0.372	-0.381	-0.344	11.963	-26.184	29.175	-127.01	37.86	137.60	35.574	31.850	7.938	0.05878	0.39371	0.76694	-0.50323	23.6	13111	100
2024-11-3 15:38:2.504	WT901BLE68(B2C0FB98454F)	-0.480	-0.306	-0.274	-10.010	4.456	-17.090	-127.19	38.41	137.98	35.574	31.850	7.938	0.11362	0.43207	0.74133	-0.50073	23.6	13111	100
2024-11-3 15:38:2.595	WT901BLE68(B2C0FB98454F)	-0.611	-0.555	-0.421	-0.610	19.531	-19.897	-126.86	36.17	139.08	35.574	31.850	7.938	0.11362	0.43207	0.74133	-0.50073	23.6	13111	100
2024-11-3 15:38:2.714	WT901BLE68(B2C0FB98454F)	-0.510	-0.860	-0.539	23.743	5.493	-30.090	-125.61	33.35	139.86	33.320	34.300	7.448	0.11362	0.43207	0.74133	-0.50073	23.6	13111	100
2024-11-3 15:38:2.805	WT901BLE68(B2C0FB98454F)	-0.455	-0.736	-0.517	10.437	7.874	-29.236	-122.93	30.71	141.44	33.320	34.300	7.448	0.11362	0.43207	0.74133	-0.50073	23.6	13111	100
2024-11-3 15:38:2.924	WT901BLE68(B2C0FB98454F)	-0.455	-0.844	-0.470	9.338	1.404	-20.325	-121.88	28.25	142.69	33.320	34.300	7.448	0.03973	0.37582	0.76459	-0.52197	23.6	13111	100
2024-11-3 15:38:2.984	WT901BLE68(B2C0FB98454F)	-0.461	-0.880	-0.463	5.676	7.507	-17.090	-120.74	26.73	143.35	33.320	34.300	7.448	0.03973	0.37582	0.76459	-0.52197	23.6	13111	100
2024-11-3 15:38:3.105	WT901BLE68(B2C0FB98454F)	-0.456	-0.843	-0.519	4.700	2.197	-2.625	-119.25	26.21	143.70	33.320	34.300	7.448	0.03973	0.37582	0.76459	-0.52197	23.6	13111	100
2024-11-3 15:38:3.195	WT901BLE68(B2C0FB98454F)	-0.477	-0.919	-0.491	-2.136	-1.770	5.493	-119.51	26.19	143.55	33.320	34.300	7.448	0.03973	0.37582	0.76459	-0.52197	23.6	13111	100
2024-11-3 15:38:3.315	WT901BLE68(B2C0FB98454F)	-0.529	-0.848	-0.490	-3.723	-6.409	14.282	-119.78	26.97	143.33	33.320	34.300	7.448	0.03973	0.37582	0.76459	-0.52197	23.6	13111	100
2024-11-3 15:38:3.405	WT901BLE68(B2C0FB98454F)	-0.709	-0.769	-0.509	-8.484	-9.094	22.888	-120.66	28.55	142.72	33.320	34.300	7.448	0.03973	0.37582	0.76459	-0.52197	24.3	13111	100
2024-11-3 15:38:3.525	WT901BLE68(B2C0FB98454F)	-0.663	-0.752	-0.452	7.446	-20.325	32.104	-120.73	31.86	142.24	33.320	34.300	7.448	0.03973	0.37582	0.76459	-0.52197	24.3	13111	100
2024-11-3 15:38:3.584	WT901BLE68(B2C0FB98454F)	-0.487	-0.544	-0.355	-11.963	-11.292	43.152	-121.30	35.70	141.38	36.260	31.948	4.704	0.03973	0.37582	0.76459	-0.52197	24.3	13111	100
2024-11-3 15:38:3.705	WT901BLE68(B2C0FB98454F)	-0.338	-0.521	-0.320	-20.874	0.244	21.606	-124.50	38.86	139.52	36.260	31.948	4.704	0.03973	0.37582	0.76459	-0.52197	24.3	13111	100
2024-11-3 15:38:3.795	WT901BLE68(B2C0FB98454F)	-0.407	-0.318	-0.206	21.362	-7.446	-12.146	-124.10	39.58	139.50	36.260	31.948	4.704	0.11038	0.42270	0.72586	-0.53119	24.3	13111	100
2024-11-3 15:38:3.915	WT901BLE68(B2C0FB98454F)	-0.613	-0.466	-0.375	-8.606	13.306	-29.602	-121.95	37.63	141.35	36.260	31.948	4.704	0.11038	0.42270	0.72586	-0.53119	24.3	13111	100
2024-11-3 15:38:4.5	WT901BLE68(B2C0FB98454F)	-0.591	-0.801	-0.552	7.874	14.648	-33.997	-122.70	34.10	141.67	33.418	34.790	5.880	0.11038	0.42270	0.72586	-0.53119	24.3	13111	100
2024-11-3 15:38:4.125	WT901BLE68(B2C0FB98454F)	-0.475	-1.108	-0.403	6.897	2.625	-28.137	-122.13	31.14	142.96	33.418	34.790	5.880	0.11038	0.42270	0.72586	-0.53119	24.3	13111	100
2024-11-3 15:38:4.215	WT901BLE68(B2C0FB98454F)	-0.432	-0.751	-0.474	20.630	-1.892	-21.851	-119.01	29.15	144.38	33.418	34.790	5.880	0.04352	0.36752	0.75412	-0.54242	24.3	13111	100
2024-11-3 15:38:4.334	WT901BLE68(B2C0FB98454F)	-0.515	-0.784	-0.373	6.592	6.653	-12.146	-117.82	27.71	145.05	33.418	34.790	5.880	0.04352	0.36752	0.75412	-0.54242	24.3	13111	100
2024-11-3 15:38:4.425	WT901BLE68(B2C0FB98454F)	-0.559	-0.918	-0.393	1.038	7.141	-5.127	-117.86	26.33	144.67	28.812	39.200	4.508	0.04352	0.36752	0.75412	-0.54242	24.3	13111	100
2024-11-3 15:38:4.513	WT901BLE68(B2C0FB98454F)	-0.511	-0.871	-0.484	-8.606	2.686	0.244	-117.84	26.02	144.44	28.812	39.200	4.508	0.04352	0.36752	0.75412	-0.54242	24.3	13111	100
2024-11-3 15:38:4.605	WT901BLE68(B2C0FB98454F)	-0.431	-0.909	-0.481	2.441	-7.263	10.925	-117.94	26.98	144.38	28.812	39.200	4.508	0.03970	0.37781	0.75244	-0.53796	24.3	13111	100
2024-11-3 15:38:4.725	WT901BLE68(B2C0FB98454F)	-2.169	-0.790	-0.539	-27.527	12.939	15.808	-118.99	28.21	143.40	28.812	39.200	4.508	0.03970	0.37781	0.75244	-0.53796	24.3	13111	100
2024-11-3 15:38:4.845	WT901BLE68(B2C0FB98454F)	-0.403	-4.813	-1.915	8.667	-5.676	23.376	-123.67	28.93	139.91	32.536	35.574	6.860	0.03970	0.37781	0.75244	-0.53796	24.3	13111	100
2024-11-3 15:38:4.935	WT901BLE68(B2C0FB98454F)	-0.366	-0.522	-0.406	-54.871	-4.272	50.598	-123.78	32.74	138.67	32.536	35.574	6.860	0.03970	0.37781	0.75244	-0.53796	24.3	13111	100
2024-11-3 15:38:4.995	WT901BLE68(B2C0FB98454F)	-0.314	-0.478	-0.423	-39.856	-5.981	26.855	-128.74	35.83	136.52	32.536	35.574	6.860	0.10931	0.44714	0.74799	-0.47806	24.3	13111	100
2024-11-3 15:38:5.114	WT901BLE68(B2C0FB98454F)	-0.366	-0.401	-0.263	18.860	-9.583	1.221	-130.11	36.73	135.63	32.536	35.574	6.860	0.10931	0.44714	0.74799	-0.47806	24.3	13111	100
2024-11-3 15:38:5.205	WT901BLE68(B2C0FB98454F)	-0.569	-0.362	-0.355	9.521	11.475	-26.001	-127.81	35.31	136.57	34.496	32.634	9.114	0.10931	0.44714	0.74799	-0.47806	24.3	13111	100
2024-11-3 15:38:5.325	WT901BLE68(B2C0FB98454F)	-0.577	-0.709	-0.501	9.094	18.372	-30.029	-127.10	32.10	137.46	34.496	32.634	9.114	0.10931	0.44714	0.74799	-0.47806	24.3	13111	100
2024-11-3 15:38:5.415	WT901BLE68(B2C0FB98454F)	-0.448	-0.848	-0.551	15.381	7.629	-26.062	-125.72	29.20	138.50	34.496	32.634	9.114	0.10931	0.44714	0.74799	-0.47806	24.3	13111	100
2024-11-3 15:38:5.535	WT901BLE68(B2C0FB98454F)	-0.418	-0.918	-0.564	7.813	4.211	-21.973	-123.94	27.54	139.69	34.496	32.634	9.114	0.03503	0.39935	0.76480	-0.50424	24.3	13111	100
2024-11-3 15:38:5.625	WT901BLE68(B2C0FB98454F)	-0.456	-0.826	-0.463	26.062	-4.517	-7.813	-121.57	26.19	140.76	29.302	38.416	6.860	0.03503	0.39935	0.76480	-0.50424	24.3	13111	100
2024-11-3 15:38:5.745	WT901BLE68(B2C0FB98454F)	-0.581	-0.807	-0.511	2.441	3.418	-8.545	-119.85	25.36	141.36	29.302	38.416	6.860	0.03503	0.39935	0.76480	-0.50424	24.3	13111	100
2024-11-3 15:38:5.805	WT901BLE68(B2C0FB98454F)	-0.515	-0.923	-0.572	-1.038	-0.916	3.967	-120.67	24.90	141.34	29.302	38.416	6.860	0.01755	0.38190	0.76477	-0.51852	24.3	13111	100
2024-11-3 15:38:5.925	WT901BLE68(B2C0FB98454F)	-0.509	-0.905	-0.553	1.099	-10.254	12.756	-121.22	25.57	141.33	29.302	38.416	6.860	0.01755	0.38190	0.76477	-0.51852	24.3	13111	100
2024-11-3 15:38:6.15	WT901BLE68(B2C0FB98454F)	-0.499	-0.886	-0.572	-9.155	-11.353	25.391	-121.35	27.71	141.14	31.948	36.358	6.664	0.01755	0.38190	0.76477	-0.51852	24.3	13111	100
2024-11-3 15:38:6.135	WT901BLE68(B2C0FB98454F)	-0.438	-0.872	-0.425	-3.357	-16.602	36.255	-122.43	30.84	140.32	31.948	36.358	6.664	0.01755	0.38190	0.76477	-0.51852	24.3	13111	100
2024-11-3 15:38:6.225	WT901BLE68(B2C0FB98454F)	-0.498	-0.396	-0.390	-42.969	4.211	31.982	-124.26	33.99	138.51	31.948	36.358	6.664	0.09875	0.44095	0.74219	-0.49484	24.3	13111	100
2024-11-3 15:38:6.345	WT901BLE68(B2C0FB98454F)	-0.339	-0.577	-0.342	-15.381	-10.193	29.541	-128.44	36.82	136.37	31.948	36.358	6.664	0.09875	0.44095	0.74219	-0.49484	24.3	13111	100
2024-11-3 15:38:6.405	WT901BLE68(B2C0FB98454F)	-0.375	-0.317	-0.311	4.578	-0.793	-13.306	-128.16	37.82	136.26	36.260	30.870	7.840	0.09875	0.44095	0.74219	-0.49484	24.3	13111	100
2024-11-3 15:38:6.525	WT901BLE68(B2C0FB98454F)	-0.576	-0.410	-0.427	-9.888	16.357	-30.457	-127.58	35.64	137.66	36.260	30.870	7.840	0.09875	0.44095	0.74219	-0.49484	24.3	13111	100
2024-11-3 15:38:6.615	WT901BLE68(B2C0FB98454F)	-0.464	-0.831	-0.565	22.522	13.123	-29.541	-128.12	32.34	138.33	36.260	30.870	7.840	0.05960	0.40451	0.76587	-0.49615	24.3	13111	100
2024-11-3 15:38:6.735	WT901BLE68(B2C0FB98454F)	-0.534	-0.719	-0.604	26.245	-0.488	-23.193	-125.38	29.73	140.08	36.260	30.870	7.840	0.05960	0.40451	0.76587	-0.49615	24.3	13111	100
2024-11-3 15:38:6.825	WT901BLE68(B2C0FB98454F)	-0.504	-0.855	-0.519	21.057	0.427	-22.156	-123.08	27.80	141.39	36.260	30.870	7.840	0.05960	0.40451	0.76587	-0.49615	24.3	13111	100
2024-11-3 15:38:6.945	WT901BLE68(B2C0FB98454F)	-0.597	-0.710	-0.457	15.076	0.793	-11.230	-120.55	26.13	142.45	29.596	38.122	6.958	0.05960	0.40451	0.76587	-0.49615	24.3	13111	100
2024-11-3 15:38:7.35	WT901BLE68(B2C0FB98454F)	-0.494	-0.920	-0.476	-4.089	8.972	-2.991	-120.49	25.69	142.31	29.596	38.122	6.958	0.05960	0.40451	0.76587	-0.49615	24.3	13111	100
2024-11-3 15:38:7.155	WT901BLE68(B2C0FB98454F)	-0.440	-1.010	-0.552	-0.732	-5.981	6.470	-120.40	25.85	142.39	29.596	38.122	6.958	0.02313	0.37674	0.76303	-0.52460	24.3	13111	100
2024-11-3 15:38:7.215	WT901BLE68(B2C0FB98454F)	-0.500	-0.870	-0.507	-7.202	-8.911	13.123	-120.31	27.04	142.50	29.596	38.122	6.958	0.02313	0.37674	0.76303	-0.52460	24.3	13111	100
2024-11-3 15:38:7.335	WT901BLE68(B2C0FB98454F)	-0.574	-0.882	-0.476	-9.766	-15.625	26.550	-121.18	29.23	142.13	31.066	37.142	6.174	0.02313	0.37674	0.76303	-0.52460	24.3	13111	100
2024-11-3 15:38:7.425	WT901BLE68(B2C0FB98454F)	-0.610	-0.736	-0.429	-14.893	-8.789	32.410	-122.88	31.89	140.89	31.066	37.142	6.174	0.09219	0.42615	0.74203	-0.50906	24.3	13111	100
2024-11-3 15:38:7.545	WT901BLE68(B2C0FB98454F)	-0.496	-0.550	-0.411	-22.156	-5.005	34.973	-125.22	35.34	138.90	31.066	37.142	6.174	0.09219	0.42615	0.74203	-0.50906	24.3	13111	100
2024-11-3 15:38:7.635	WT901BLE68(B2C0FB98454F)	-0.369	-0.454	-0.323	-26.855	0.183	19.714	-128.37	37.68	137.36	31.066	37.142	6.174	0.09219	0.42615	0.74203	-0.50906	24.3	13111	100
2024-11-3 15:38:7.754	WT901BLE68(B2C0FB98454F)	-0.411	-0.375	-0.308	8.911	-6.592	-7.324	-128.34	38.46	137.65	37.044	30.282	7.546	0.09219	0.42615	0.74203	-0.50906	24.3	13111	100
2024-11-3 15:38:7.815	WT901BLE68(B2C0FB98454F)	-0.530	-0.376	-0.417	6.775	10.864	-25.452	-126.10	36.74	139.25	37.044	30.282	7.546	0.09219	0.42615	0.74203	-0.50906	24.3	13111	100
2024-11-3 15:38:7.969	WT901BLE68(B2C0FB98454F)	-0.438	-0.786	-0.449	8.972	14.099	-31.860	-126.01	33.46	140.13	37.044	30.282	7.546	0.08481	0.41162	0.75705	-0.50015	24.3	13111	100
2024-11-3 15:38:8.24	WT901BLE68(B2C0FB98454F)	-0.497	-0.872	-0.477	19.104	3.235	-26.794	-124.30	30.31	141.27	37.044	30.282	7.546	0.08481	0.41162	0.75705	-0.50015	24.3	13111	100
2024-11-3 15:38:8.145	WT901BLE68(B2C0FB98454F)	-0.422	-0.854	-0.509	10.864	-0.916	-19.165	-122.42	28.22	141.99	30.772	37.142	7.252	0.08481	0.41162	0.75705	-0.50015	24.3	13111	100
2024-11-3 15:38:8.235	WT901BLE68(B2C0FB98454F)	-0.476	-0.717	-0.479	18.066	1.343	-16.235	-119.80	26.76	142.99	30.772	37.142	7.252	0.08481	0.41162	0.75705	-0.50015	24.3	13111	100
2024-11-3 15:38:8.355	WT901BLE68(B2C0FB98454F)	-0.449	-0.915	-0.490	-11.780	10.071	-8.850	-119.62	25.56	143.21	30.772	37.142	7.252	0.02191	0.37030	0.76309	-0.52914	24.3	13111	100
2024-11-3 15:38:8.445	WT901BLE68(B2C0FB98454F)	-0.461	-0.994	-0.481	-0.610	-1.526	0.366	-119.97	25.00	143.32	30.772	37.142	7.252	0.02191	0.37030	0.76309	-0.52914	24.3	13111	100
2024-11-3 15:38:8.568	WT901BLE68(B2C0FB98454F)	-0.544	-0.916	-0.480	2.258	-3.601	11.047	-119.43	25.71	143.31	28.616	39.102	5.880	0.02191	0.37030	0.76309	-0.52914	24.3	13111	100
2024-11-3 15:38:8.624	WT901BLE68(B2C0FB98454F)	-0.465	-0.847	-0.461	-12.634	-2.869	25.024	-119.58	27.19	142.80	28.616	39.102	5.880	0.02191	0.37030	0.76309	-0.52914	24.3	13111	100
2024-11-3 15:38:8.745	WT901BLE68(B2C0FB98454F)	-0.487	-0.876	-0.450	-16.479	-11.108	23.315	-121.05	29.49	142.00	28.616	39.102	5.880	0.05267	0.39328	0.75317	-0.52457	24.3	13111	100
2024-11-3 15:38:8.834	WT901BLE68(B2C0FB98454F)	-0.455	-0.804	-0.418	-9.888	-12.207	36.316	-122.16	32.48	141.00	28.616	39.102	5.880	0.05267	0.39328	0.75317	-0.52457	24.3	13111	100
2024-11-3 15:38:8.955	WT901BLE68(B2C0FB98454F)	-0.473	-0.654	-0.423	-5.188	-11.108	35.095	-123.33	35.73	139.44	35.280	32.830	5.586	0.05267	0.39328	0.75317	-0.52457	24.3	13111	100
2024-11-3 15:38:9.45	WT901BLE68(B2C0FB98454F)	-0.514	-0.632	-0.410	-15.930	-6.165	22.583	-125.34	38.38	137.75	35.280	32.830	5.586	0.05267	0.39328	0.75317	-0.52457	24.3	13111	100
2024-11-3 15:38:9.169	WT901BLE68(B2C0FB98454F)	-0.692	-0.460	-0.337	7.935	-6.592	8.667	-126.11	39.72	136.73	35.280	32.830	5.586	0.11929	0.45212	0.72092	-0.51141	24.3	13111	100
2024-11-3 15:38:9.224	WT901BLE68(B2C0FB98454F)	-0.734	-0.478	-0.384	-8.423	5.737	5.981	-126.54	40.14	136.35	35.280	32.830	5.586	0.11929	0.45212	0.72092	-0.51141	24.3	13111	100
2024-11-3 15:38:9.345	WT901BLE68(B2C0FB98454F)	-0.777	-0.567	-0.530	-11.169	-16.968	17.334	-127.74	41.66	137.02	38.612	28.518	5.880	0.11929	0.45212	0.72092	-0.51141	24.3	13111	100
2024-11-3 15:38:9.434	WT901BLE68(B2C0FB98454F)	-0.708	-0.643	-0.491	-9.094	-0.610	2.563	-129.42	42.63	137.23	38.612	28.518	5.880	0.11929	0.45212	0.72092	-0.51141	24.3	13111	100
2024-11-3 15:38:9.555	WT901BLE68(B2C0FB98454F)	-0.715	-0.572	-0.498	8.423	-7.935	5.981	-128.99	43.47	137.31	38.612	28.518	5.880	0.16089	0.45413	0.72018	-0.49908	24.3	13111	100
2024-11-3 15:38:9.644	WT901BLE68(B2C0FB98454F)	-0.677	-0.533	-0.456	4.944	-5.310	10.681	-128.31	44.45	137.34	38.612	28.518	5.880	0.16089	0.45413	0.72018	-0.49908	24.3	13111	100
2024-11-3 15:38:9.768	WT901BLE68(B2C0FB98454F)	-0.608	-0.615	-0.402	-2.197	1.404	3.235	-128.55	45.28	137.00	40.376	26.264	4.704	0.16089	0.45413	0.72018	-0.49908	24.3	13111	100
2024-11-3 15:38:9.855	WT901BLE68(B2C0FB98454F)	-0.659	-0.710	-0.437	7.935	-8.057	7.324	-129.01	45.64	136.58	40.376	26.264	4.704	0.16089	0.45413	0.72018	-0.49908	24.3	13111	100
2024-11-3 15:38:9.975	WT901BLE68(B2C0FB98454F)	-0.751	-0.582	-0.218	5.066	-7.751	5.737	-127.71	46.31	136.91	40.376	26.264	4.704	0.17563	0.46521	0.70233	-0.50928	24.3	13111	100
2024-11-3 15:38:10.34	WT901BLE68(B2C0FB98454F)	-0.797	-0.498	-0.296	23.804	-24.780	18.738	-126.58	47.80	137.41	40.376	26.264	4.704	0.17563	0.46521	0.70233	-0.50928	24.3	13111	100
2024-11-3 15:38:10.155	WT901BLE68(B2C0FB98454F)	-0.885	-0.357	-0.445	12.573	-12.756	10.498	-123.31	49.96	138.95	41.748	24.402	0.882	0.17563	0.46521	0.70233	-0.50928	24.3	13111	100
2024-11-3 15:38:10.244	WT901BLE68(B2C0FB98454F)	-0.898	-0.507	-0.287	-1.343	-20.020	5.310	-123.83	50.95	140.19	41.748	24.402	0.882	0.17563	0.46521	0.70233	-0.50928	24.3	13111	100
2024-11-3 15:38:10.368	WT901BLE68(B2C0FB98454F)	-0.877	-0.249	-0.273	39.734	-19.165	24.841	-119.82	53.15	141.84	41.748	24.402	0.882	0.21899	0.46793	0.65070	-0.55637	24.3	13111	100
2024-11-3 15:38:10.454	WT901BLE68(B2C0FB98454F)	-0.944	-0.569	-0.158	-3.418	-32.654	12.146	-118.64	56.19	143.67	41.748	24.402	0.882	0.21899	0.46793	0.65070	-0.55637	24.3	13111	100
2024-11-3 15:38:10.574	WT901BLE68(B2C0FB98454F)	-1.023	-0.488	-0.203	1.465	-37.231	36.255	-114.59	60.23	147.98	43.806	19.208	-7.742	0.21899	0.46793	0.65070	-0.55637	24.3	13111	100
2024-11-3 15:38:10.634	WT901BLE68(B2C0FB98454F)	-1.076	-0.273	-0.054	21.484	-66.467	74.585	-106.06	66.87	156.58	43.806	19.208	-7.742	0.21899	0.46793	0.65070	-0.55637	24.3	13111	100
2024-11-3 15:38:10.755	WT901BLE68(B2C0FB98454F)	-0.885	-0.187	0.171	53.589	-99.548	100.952	-78.85	76.09	-178.65	43.806	19.208	-7.742	0.42426	0.47449	0.46130	-0.61801	24.3	13111	100
2024-11-3 15:38:10.844	WT901BLE68(B2C0FB98454F)	-0.911	0.034	0.246	14.282	-75.867	126.099	-11.44	77.67	-113.81	43.806	19.208	-7.742	0.42426	0.47449	0.46130	-0.61801	24.3	13111	100
2024-11-3 15:38:10.968	WT901BLE68(B2C0FB98454F)	-0.923	0.096	0.391	-2.014	-36.194	119.507	26.77	69.99	-74.87	35.574	-9.016	-29.302	0.42426	0.47449	0.46130	-0.61801	24.3	13111	100
2024-11-3 15:38:11.54	WT901BLE68(B2C0FB98454F)	-0.976	0.024	0.488	-38.940	-7.629	91.553	41.60	62.42	-57.95	35.574	-9.016	-29.302	0.42426	0.47449	0.46130	-0.61801	24.3	13111	100
2024-11-3 15:38:11.175	WT901BLE68(B2C0FB98454F)	-0.797	0.239	0.460	-16.785	-2.808	32.227	47.89	58.68	-51.28	35.574	-9.016	-29.302	0.63382	0.51529	0.24112	-0.52393	24.3	13111	100
2024-11-3 15:38:11.235	WT901BLE68(B2C0FB98454F)	-0.713	0.490	0.371	12.390	-14.038	21.484	48.75	56.77	-52.12	35.574	-9.016	-29.302	0.63382	0.51529	0.24112	-0.52393	24.3	13111	100
2024-11-3 15:38:11.385	WT901BLE68(B2C0FB98454F)	-0.751	0.667	0.338	27.954	-5.920	22.888	51.13	54.65	-52.12	25.970	-22.050	-32.046	0.63382	0.51529	0.24112	-0.52393	24.3	13111	100
2024-11-3 15:38:11.444	WT901BLE68(B2C0FB98454F)	-0.695	0.627	0.290	7.446	14.404	23.132	55.25	52.91	-48.24	25.970	-22.050	-32.046	0.63382	0.51529	0.24112	-0.52393	24.3	13111	100
2024-11-3 15:38:11.568	WT901BLE68(B2C0FB98454F)	-0.750	0.620	0.375	17.273	15.137	5.127	59.49	52.19	-43.90	25.970	-22.050	-32.046	0.63632	0.56668	0.18204	-0.49063	24.3	13111	100
2024-11-3 15:38:11.654	WT901BLE68(B2C0FB98454F)	-0.725	0.651	0.304	12.146	17.395	-15.259	62.90	53.09	-41.42	25.970	-22.050	-32.046	0.63632	0.56668	0.18204	-0.49063	24.3	13111	100
2024-11-3 15:38:11.775	WT901BLE68(B2C0FB98454F)	-0.872	0.578	0.282	29.480	15.503	-32.410	64.88	55.57	-40.27	28.420	-25.676	-26.950	0.63632	0.56668	0.18204	-0.49063	24.3	13111	100
2024-11-3 15:38:11.875	WT901BLE68(B2C0FB98454F)	-0.888	0.435	0.281	11.536	13.550	-31.006	66.97	58.28	-38.86	28.420	-25.676	-26.950	0.63632	0.56668	0.18204	-0.49063	24.3	13111	100
2024-11-3 15:38:11.983	WT901BLE68(B2C0FB98454F)	-0.898	0.471	0.169	18.127	3.967	-22.461	68.63	60.68	-38.59	28.420	-25.676	-26.950	0.57080	0.60294	0.22787	-0.50851	24.3	13111	100
2024-11-3 15:38:12.45	WT901BLE68(B2C0FB98454F)	-0.892	0.449	0.123	31.555	-3.296	-16.479	70.27	62.09	-39.84	28.420	-25.676	-26.950	0.57080	0.60294	0.22787	-0.50851	24.3	13111	100
2024-11-3 15:38:12.168	WT901BLE68(B2C0FB98454F)	-0.854	0.450	0.089	26.672	-6.714	-7.935	71.41	63.01	-41.72	33.418	-25.382	-21.364	0.57080	0.60294	0.22787	-0.50851	24.3	13111	100
2024-11-3 15:38:12.253	WT901BLE68(B2C0FB98454F)	-0.911	0.500	0.193	18.921	-1.953	-9.094	72.85	63.44	-42.39	33.418	-25.382	-21.364	0.57080	0.60294	0.22787	-0.50851	24.3	13111	100
2024-11-3 15:38:12.374	WT901BLE68(B2C0FB98454F)	-0.892	0.390	0.124	10.071	-3.052	-10.498	73.06	64.31	-43.20	33.418	-25.382	-21.364	0.50833	0.63092	0.20392	-0.54941	24.3	13111	100
2024-11-3 15:38:12.477	WT901BLE68(B2C0FB98454F)	-0.883	0.437	0.109	17.456	-7.263	-5.127	73.35	64.83	-44.84	33.418	-25.382	-21.364	0.50833	0.63092	0.20392	-0.54941	24.3	13111	100
2024-11-3 15:38:12.584	WT901BLE68(B2C0FB98454F)	-0.871	0.410	0.113	11.841	-10.498	-5.554	72.32	65.08	-47.16	34.104	-25.970	-19.600	0.50833	0.63092	0.20392	-0.54941	24.3	13111	100
2024-11-3 15:38:12.645	WT901BLE68(B2C0FB98454F)	-0.913	0.401	0.132	3.357	-12.390	0.000	70.68	64.86	-49.55	34.104	-25.970	-19.600	0.50833	0.63092	0.20392	-0.54941	24.3	13111	100
2024-11-3 15:38:12.796	WT901BLE68(B2C0FB98454F)	-0.881	0.337	0.173	2.502	-12.085	4.028	68.99	64.22	-51.58	34.104	-25.970	-19.600	0.49478	0.62500	0.17487	-0.57779	24.3	13111	100
2024-11-3 15:38:12.854	WT901BLE68(B2C0FB98454F)	-0.863	0.462	0.125	0.000	-14.160	0.854	67.66	63.58	-54.08	34.104	-25.970	-19.600	0.49478	0.62500	0.17487	-0.57779	24.3	13111	100
2024-11-3 15:38:12.975	WT901BLE68(B2C0FB98454F)	-0.868	0.483	0.178	0.793	-11.230	0.977	65.98	62.92	-56.05	32.340	-26.558	-21.658	0.49478	0.62500	0.17487	-0.57779	24.3	13111	100
2024-11-3 15:38:13.74	WT901BLE68(B2C0FB98454F)	-0.871	0.452	0.203	-7.507	-7.324	2.136	63.86	62.40	-57.31	32.340	-26.558	-21.658	0.49478	0.62500	0.17487	-0.57779	24.3	13111	100
2024-11-3 15:38:13.184	WT901BLE68(B2C0FB98454F)	-0.863	0.415	0.239	-1.892	-9.155	6.104	62.41	61.63	-58.33	32.340	-26.558	-21.658	0.51334	0.60223	0.15549	-0.59119	24.3	13111	100
2024-11-3 15:38:13.305	WT901BLE68(B2C0FB98454F)	-0.848	0.405	0.272	2.441	-9.216	10.986	61.67	60.48	-59.38	32.340	-26.558	-21.658	0.51334	0.60223	0.15549	-0.59119	24.3	13111	100
2024-11-3 15:38:13.395	WT901BLE68(B2C0FB98454F)	-0.809	0.513	0.232	-1.526	-7.935	9.521	61.41	59.05	-60.26	29.596	-27.636	-23.814	0.51334	0.60223	0.15549	-0.59119	24.3	13111	100
2024-11-3 15:38:13.455	WT901BLE68(B2C0FB98454F)	-0.818	0.526	0.287	-2.563	-4.639	7.690	61.10	57.90	-60.31	29.596	-27.636	-23.814	0.51334	0.60223	0.15549	-0.59119	24.3	13111	100
2024-11-3 15:38:13.574	WT901BLE68(B2C0FB98454F)	-0.806	0.525	0.286	-0.610	-3.540	6.775	60.52	57.01	-60.32	29.596	-27.636	-23.814	0.53607	0.59122	0.12683	-0.58899	24.3	13111	100
2024-11-3 15:38:13.677	WT901BLE68(B2C0FB98454F)	-0.815	0.512	0.316	-1.343	-3.357	0.916	59.94	56.49	-60.58	29.596	-27.636	-23.814	0.53607	0.59122	0.12683	-0.58899	24.3	13111	100
2024-11-3 15:38:13.815	WT901BLE68(B2C0FB98454F)	-0.815	0.497	0.305	-3.418	-0.366	0.244	59.50	56.25	-60.83	27.930	-28.126	-25.284	0.53607	0.59122	0.12683	-0.58899	24.3	13111	100
2024-11-3 15:38:13.904	WT901BLE68(B2C0FB98454F)	-0.826	0.511	0.292	-0.427	0.488	0.793	59.36	56.10	-60.83	27.930	-28.126	-25.284	0.53607	0.59122	0.12683	-0.58899	24.3	13111	100
2024-11-3 15:38:13.996	WT901BLE68(B2C0FB98454F)	-0.818	0.499	0.284	0.916	0.244	-0.244	59.37	56.05	-60.86	27.930	-28.126	-25.284	0.54218	0.58600	0.12463	-0.58908	24.3	13111	100
2024-11-3 15:38:14.55	WT901BLE68(B2C0FB98454F)	-0.824	0.502	0.297	-0.244	0.061	-0.488	59.36	56.04	-60.86	27.930	-28.126	-25.284	0.54218	0.58600	0.12463	-0.58908	24.3	13111	100
2024-11-3 15:38:14.235	WT901BLE68(B2C0FB98454F)	-0.812	0.483	0.291	0.793	-0.977	2.380	59.19	55.91	-61.01	27.832	-28.126	-25.480	0.54218	0.58600	0.12463	-0.58908	24.3	13111	100
2024-11-3 15:38:14.276	WT901BLE68(B2C0FB98454F)	-0.824	0.535	0.299	-2.625	0.671	1.709	59.36	55.65	-60.83	27.832	-28.126	-25.480	0.54218	0.58600	0.12463	-0.58908	24.3	13111	100
2024-11-3 15:38:14.414	WT901BLE68(B2C0FB98454F)	-0.821	0.502	0.285	0.549	0.549	0.000	59.49	55.57	-60.51	27.832	-28.126	-25.480	0.54617	0.58530	0.12204	-0.58661	24.3	13111	100
