time	DeviceName	AccX(g)	AccY(g)	AccZ(g)	AsX(°/s)	AsY(°/s)	AsZ(°/s)	AngleX(°)	AngleY(°)	AngleZ(°)	HX(uT)	HY(uT)	HZ(uT)	Q0()	Q1()	Q2()	Q3()	Temperature(°C)	Version()	Battery level(%)
2024-11-4 13:36:14.325	WT901BLE68(B2C0FB98454F)	0.254	0.820	-0.420	-2.380	7.935	-11.108	116.40	-14.69	-57.15	-22.638	-21.266	0.196	-0.50888	-0.71030	0.46271	0.14941	23.3	13111	100
2024-11-4 13:36:14.444	WT901BLE68(B2C0FB98454F)	0.213	0.859	-0.441	-14.160	1.892	-5.615	115.25	-14.29	-55.99	-22.638	-21.266	0.196	-0.50888	-0.71030	0.46271	0.14941	23.3	13111	100
2024-11-4 13:36:14.504	WT901BLE68(B2C0FB98454F)	0.235	0.916	-0.420	-8.240	-17.822	1.221	114.16	-13.71	-55.91	-21.266	-23.520	-2.646	-0.50888	-0.71030	0.46271	0.14941	23.3	13111	100
2024-11-4 13:36:14.624	WT901BLE68(B2C0FB98454F)	0.168	0.847	-0.391	-9.216	-28.137	17.273	113.96	-13.47	-58.69	-21.266	-23.520	-2.646	-0.50888	-0.71030	0.46271	0.14941	23.3	13111	100
2024-11-4 13:36:14.713	WT901BLE68(B2C0FB98454F)	0.216	0.901	-0.378	-18.188	-24.780	12.085	113.32	-13.49	-61.86	-21.266	-23.520	-2.646	-0.51630	-0.67917	0.48489	0.19217	23.3	13111	100
2024-11-4 13:36:14.834	WT901BLE68(B2C0FB98454F)	0.165	0.852	-0.393	-20.264	-25.330	14.832	112.30	-13.54	-64.40	-21.266	-23.520	-2.646	-0.51630	-0.67917	0.48489	0.19217	23.3	13111	100
2024-11-4 13:36:14.924	WT901BLE68(B2C0FB98454F)	0.237	0.854	-0.398	-28.259	-24.963	17.212	110.75	-13.93	-67.03	-22.344	-22.442	-1.078	-0.51630	-0.67917	0.48489	0.19217	23.3	13111	100
2024-11-4 13:36:15.45	WT901BLE68(B2C0FB98454F)	0.094	0.861	-0.394	-36.255	-44.373	27.039	108.64	-14.61	-70.68	-22.344	-22.442	-1.078	-0.51630	-0.67917	0.48489	0.19217	23.3	13111	100
2024-11-4 13:36:15.104	WT901BLE68(B2C0FB98454F)	0.109	1.004	-0.408	-24.780	-39.246	22.583	106.66	-15.38	-75.13	-22.344	-22.442	-1.078	-0.53265	-0.57742	0.55460	0.27420	23.3	13111	100
2024-11-4 13:36:15.224	WT901BLE68(B2C0FB98454F)	0.317	1.040	-0.500	2.563	-33.447	3.540	106.69	-15.12	-78.31	-22.344	-22.442	-1.078	-0.53265	-0.57742	0.55460	0.27420	23.3	13111	100
2024-11-4 13:36:15.314	WT901BLE68(B2C0FB98454F)	0.350	0.989	-0.290	91.492	-19.775	-14.832	112.46	-13.24	-80.43	-22.638	-21.070	4.508	-0.53265	-0.57742	0.55460	0.27420	23.3	13111	100
2024-11-4 13:36:15.434	WT901BLE68(B2C0FB98454F)	0.262	1.151	-0.620	154.968	-59.326	-72.388	127.86	-7.39	-83.46	-22.638	-21.070	4.508	-0.53265	-0.57742	0.55460	0.27420	23.3	13111	100
2024-11-4 13:36:15.524	WT901BLE68(B2C0FB98454F)	-0.012	0.719	-0.642	129.028	38.147	-82.031	139.37	-1.43	-78.49	-22.638	-21.070	4.508	-0.27103	-0.72702	0.59723	0.20303	23.3	13111	100
2024-11-4 13:36:15.644	WT901BLE68(B2C0FB98454F)	-0.168	0.343	-0.507	32.837	-1.465	-56.519	144.43	1.68	-74.51	-22.638	-21.070	4.508	-0.27103	-0.72702	0.59723	0.20303	23.3	13111	100
2024-11-4 13:36:15.734	WT901BLE68(B2C0FB98454F)	-0.068	0.116	-0.714	-85.144	5.249	-0.549	140.47	1.68	-73.79	-14.994	-18.816	17.444	-0.27103	-0.72702	0.59723	0.20303	23.3	13111	100
2024-11-4 13:36:15.855	WT901BLE68(B2C0FB98454F)	0.249	0.427	-1.132	37.170	39.001	-33.997	137.16	1.22	-71.31	-14.994	-18.816	17.444	-0.27103	-0.72702	0.59723	0.20303	23.3	13111	100
2024-11-4 13:36:15.915	WT901BLE68(B2C0FB98454F)	-0.062	0.860	-0.820	-25.879	-32.776	0.000	138.03	0.96	-67.91	-14.994	-18.816	17.444	-0.28882	-0.77521	0.52243	0.20633	23.3	13111	100
2024-11-4 13:36:16.64	WT901BLE68(B2C0FB98454F)	0.177	1.020	-0.252	-130.188	-63.049	69.336	135.10	0.03	-71.98	-14.994	-18.816	17.444	-0.28882	-0.77521	0.52243	0.20633	23.3	13111	100
2024-11-4 13:36:16.124	WT901BLE68(B2C0FB98454F)	0.055	0.909	-0.345	-98.083	-96.741	91.431	123.70	-1.61	-79.86	-15.974	-22.736	12.152	-0.28882	-0.77521	0.52243	0.20633	23.3	13111	100
2024-11-4 13:36:16.244	WT901BLE68(B2C0FB98454F)	0.092	0.932	-0.300	-75.134	-14.648	49.805	113.58	-5.53	-89.24	-15.974	-22.736	12.152	-0.28882	-0.77521	0.52243	0.20633	23.3	13111	100
2024-11-4 13:36:16.334	WT901BLE68(B2C0FB98454F)	0.277	0.870	-0.440	-28.137	1.648	54.626	109.18	-8.98	-93.33	-15.974	-22.736	12.152	-0.45663	-0.51227	0.62680	0.36887	23.3	13111	100
2024-11-4 13:36:16.454	WT901BLE68(B2C0FB98454F)	-0.095	1.001	-0.437	-28.503	0.610	35.767	106.09	-13.39	-93.21	-15.974	-22.736	12.152	-0.45663	-0.51227	0.62680	0.36887	23.3	13111	100
2024-11-4 13:36:16.515	WT901BLE68(B2C0FB98454F)	0.580	1.113	-0.417	-128.540	-13.489	48.645	101.89	-14.56	-93.42	-20.874	-21.560	4.704	-0.45663	-0.51227	0.62680	0.36887	23.3	13111	100
2024-11-4 13:36:16.634	WT901BLE68(B2C0FB98454F)	1.284	1.112	-0.075	116.150	7.141	-15.930	96.64	-23.25	-91.19	-20.874	-21.560	4.704	-0.45663	-0.51227	0.62680	0.36887	23.3	13111	100
2024-11-4 13:36:16.724	WT901BLE68(B2C0FB98454F)	0.424	1.550	-0.174	166.626	-101.990	-142.517	113.87	-26.85	-100.05	-20.874	-21.560	4.704	-0.47519	-0.44934	0.69888	0.28937	23.3	13111	100
2024-11-4 13:36:16.844	WT901BLE68(B2C0FB98454F)	0.150	0.625	-0.139	125.610	16.357	-79.651	122.14	-19.28	-93.03	-20.874	-21.560	4.704	-0.47519	-0.44934	0.69888	0.28937	23.3	13111	100
2024-11-4 13:36:16.934	WT901BLE68(B2C0FB98454F)	0.293	0.381	-0.270	16.785	19.653	-23.193	126.68	-16.34	-90.02	-22.344	-13.916	10.388	-0.47519	-0.44934	0.69888	0.28937	23.3	13111	100
2024-11-4 13:36:17.54	WT901BLE68(B2C0FB98454F)	0.281	0.710	-0.598	-44.189	50.659	24.231	123.40	-18.91	-88.25	-22.344	-13.916	10.388	-0.47519	-0.44934	0.69888	0.28937	23.3	13111	100
2024-11-4 13:36:17.143	WT901BLE68(B2C0FB98454F)	0.665	0.675	-1.035	81.848	21.667	-5.371	126.63	-20.20	-85.50	-22.344	-13.916	10.388	-0.42529	-0.60736	0.65204	0.15796	23.3	13111	100
2024-11-4 13:36:17.264	WT901BLE68(B2C0FB98454F)	0.156	0.526	-0.393	-122.925	-45.288	27.710	125.37	-20.52	-85.36	-22.344	-13.916	10.388	-0.42529	-0.60736	0.65204	0.15796	23.3	13111	100
2024-11-4 13:36:17.324	WT901BLE68(B2C0FB98454F)	0.441	0.894	0.139	-155.640	18.982	19.714	115.59	-23.10	-88.50	-25.186	-13.426	5.488	-0.42529	-0.60736	0.65204	0.15796	23.3	13111	100
2024-11-4 13:36:17.474	WT901BLE68(B2C0FB98454F)	0.425	0.887	0.146	-140.503	-44.739	64.514	102.39	-27.86	-91.79	-25.186	-13.426	5.488	-0.42529	-0.60736	0.65204	0.15796	23.3	13111	100
2024-11-4 13:36:17.534	WT901BLE68(B2C0FB98454F)	0.494	0.845	-0.062	-83.984	-21.667	38.574	93.27	-32.59	-94.22	-25.186	-13.426	5.488	-0.60376	-0.31302	0.64478	0.34879	23.3	13111	100
2024-11-4 13:36:17.655	WT901BLE68(B2C0FB98454F)	0.555	0.842	-0.139	-67.139	33.081	64.331	86.94	-37.01	-94.58	-25.186	-13.426	5.488	-0.60376	-0.31302	0.64478	0.34879	23.3	13111	100
2024-11-4 13:36:17.744	WT901BLE68(B2C0FB98454F)	0.355	1.091	-0.205	-24.231	-23.193	12.268	83.32	-40.30	-94.14	-29.988	-8.526	0.196	-0.60376	-0.31302	0.64478	0.34879	23.3	13111	100
2024-11-4 13:36:17.864	WT901BLE68(B2C0FB98454F)	1.097	0.440	0.076	131.958	-34.973	-69.946	91.56	-35.90	-98.32	-29.988	-8.526	0.196	-0.60376	-0.31302	0.64478	0.34879	23.3	13111	100
2024-11-4 13:36:17.923	WT901BLE68(B2C0FB98454F)	0.337	0.797	-0.119	163.757	-77.881	32.837	109.13	-30.80	-104.61	-29.988	-8.526	0.196	-0.46078	-0.43985	0.70908	0.30212	23.3	13111	100
2024-11-4 13:36:18.42	WT901BLE68(B2C0FB98454F)	0.094	0.463	-0.203	162.964	-7.629	-114.624	120.68	-17.73	-98.53	-29.988	-8.526	0.196	-0.46078	-0.43985	0.70908	0.30212	23.3	13111	100
2024-11-4 13:36:18.132	WT901BLE68(B2C0FB98454F)	0.261	0.059	-0.106	38.513	23.621	-15.076	126.21	-14.33	-96.70	-25.284	-12.348	12.054	-0.46078	-0.43985	0.70908	0.30212	23.3	13111	100
2024-11-4 13:36:18.252	WT901BLE68(B2C0FB98454F)	0.461	0.708	-0.786	-67.749	90.149	26.611	120.22	-20.49	-92.10	-25.284	-12.348	12.054	-0.46078	-0.43985	0.70908	0.30212	23.3	13111	100
2024-11-4 13:36:18.342	WT901BLE68(B2C0FB98454F)	0.355	1.022	-0.621	12.085	2.441	-4.456	122.48	-20.98	-88.61	-25.284	-12.348	12.054	-0.44556	-0.55545	0.66785	0.21628	23.3	13111	100
2024-11-4 13:36:18.462	WT901BLE68(B2C0FB98454F)	0.505	1.177	0.326	-133.606	-40.466	13.306	121.01	-20.27	-91.10	-25.284	-12.348	12.054	-0.44556	-0.55545	0.66785	0.21628	23.3	13111	100
2024-11-4 13:36:18.553	WT901BLE68(B2C0FB98454F)	0.487	0.813	0.184	-196.594	-23.071	54.993	105.16	-22.81	-91.08	-28.910	-14.994	1.666	-0.44556	-0.55545	0.66785	0.21628	23.3	13111	100
2024-11-4 13:36:18.673	WT901BLE68(B2C0FB98454F)	0.549	0.760	-0.071	-96.191	-2.808	65.430	92.98	-30.25	-93.50	-28.910	-14.994	1.666	-0.44556	-0.55545	0.66785	0.21628	23.3	13111	100
2024-11-4 13:36:18.769	WT901BLE68(B2C0FB98454F)	0.566	0.744	-0.166	-78.735	15.564	55.969	85.95	-35.24	-95.60	-28.910	-14.994	1.666	-0.64468	-0.23932	0.62231	0.37381	23.3	13111	100
2024-11-4 13:36:18.854	WT901BLE68(B2C0FB98454F)	0.563	1.139	-0.052	-42.908	-7.202	34.729	79.26	-40.10	-93.49	-28.910	-14.994	1.666	-0.64468	-0.23932	0.62231	0.37381	23.3	13111	100
2024-11-4 13:36:18.943	WT901BLE68(B2C0FB98454F)	0.978	1.121	0.130	38.635	-50.903	-49.133	80.75	-40.20	-96.48	-32.046	-8.918	-1.666	-0.64468	-0.23932	0.62231	0.37381	23.3	13111	100
2024-11-4 13:36:19.64	WT901BLE68(B2C0FB98454F)	0.816	1.067	-0.124	139.282	-25.024	-84.534	96.54	-32.80	-101.76	-32.046	-8.918	-1.666	-0.64468	-0.23932	0.62231	0.37381	23.3	13111	100
2024-11-4 13:36:19.154	WT901BLE68(B2C0FB98454F)	0.315	0.638	0.004	283.875	-5.798	-157.227	111.08	-26.26	-101.60	-32.046	-8.918	-1.666	-0.45020	-0.47266	0.70697	0.27206	23.3	13111	100
2024-11-4 13:36:19.273	WT901BLE68(B2C0FB98454F)	-0.038	0.248	-0.042	91.003	20.813	-32.043	124.68	-19.37	-97.40	-32.046	-8.918	-1.666	-0.45020	-0.47266	0.70697	0.27206	23.3	13111	100
2024-11-4 13:36:19.334	WT901BLE68(B2C0FB98454F)	0.412	0.116	-0.650	-59.021	55.115	22.156	122.89	-22.43	-96.08	-27.734	-13.328	8.134	-0.45020	-0.47266	0.70697	0.27206	23.3	13111	100
2024-11-4 13:36:19.454	WT901BLE68(B2C0FB98454F)	0.537	0.496	-1.143	88.135	-30.823	-21.973	121.64	-25.83	-91.41	-27.734	-13.328	8.134	-0.45020	-0.47266	0.70697	0.27206	23.3	13111	100
2024-11-4 13:36:19.546	WT901BLE68(B2C0FB98454F)	0.728	0.448	-0.161	-4.150	-42.664	-10.803	124.19	-24.23	-90.75	-27.734	-13.328	8.134	-0.48022	-0.50897	0.67953	0.22012	23.3	13111	100
2024-11-4 13:36:19.695	WT901BLE68(B2C0FB98454F)	0.384	0.516	-0.306	-127.197	54.565	4.822	111.06	-25.98	-89.34	-27.734	-13.328	8.134	-0.48022	-0.50897	0.67953	0.22012	23.3	13111	100
2024-11-4 13:36:19.754	WT901BLE68(B2C0FB98454F)	0.503	0.706	0.023	-125.488	-5.554	73.059	96.00	-31.25	-91.72	-29.596	-14.308	0.098	-0.48022	-0.50897	0.67953	0.22012	23.3	13111	100
2024-11-4 13:36:19.873	WT901BLE68(B2C0FB98454F)	0.554	0.581	-0.028	-99.976	-3.601	35.645	85.28	-35.87	-92.00	-29.596	-14.308	0.098	-0.48022	-0.50897	0.67953	0.22012	23.3	13111	100
2024-11-4 13:36:19.968	WT901BLE68(B2C0FB98454F)	0.638	0.969	-0.063	-70.862	-2.075	53.772	76.33	-41.23	-88.67	-29.596	-14.308	0.098	-0.68179	-0.19766	0.60825	0.35495	23.3	13111	100
2024-11-4 13:36:20.114	WT901BLE68(B2C0FB98454F)	1.034	1.278	-0.018	-6.104	-56.091	-8.240	76.09	-43.25	-90.96	-29.596	-14.308	0.098	-0.68179	-0.19766	0.60825	0.35495	23.3	13111	100
2024-11-4 13:36:20.144	WT901BLE68(B2C0FB98454F)	1.067	1.197	0.067	207.153	-38.391	-75.562	92.18	-37.53	-98.06	-29.694	-10.976	3.136	-0.68179	-0.19766	0.60825	0.35495	23.3	13111	100
2024-11-4 13:36:20.264	WT901BLE68(B2C0FB98454F)	0.295	1.458	0.082	159.729	8.911	-166.077	107.17	-28.02	-101.00	-29.694	-10.976	3.136	-0.68179	-0.19766	0.60825	0.35495	23.3	13111	100
2024-11-4 13:36:20.354	WT901BLE68(B2C0FB98454F)	0.170	0.462	0.037	132.568	-0.854	-72.632	123.24	-19.29	-97.38	-29.694	-10.976	3.136	-0.40518	-0.53183	0.70999	0.22083	23.3	13111	100
2024-11-4 13:36:20.473	WT901BLE68(B2C0FB98454F)	1.042	0.094	-0.206	-14.160	58.167	11.414	125.85	-21.18	-96.02	-29.694	-10.976	3.136	-0.40518	-0.53183	0.70999	0.22083	23.3	13111	100
2024-11-4 13:36:20.568	WT901BLE68(B2C0FB98454F)	0.842	1.863	-0.945	-23.132	41.748	-4.333	116.22	-26.30	-88.60	-27.146	-12.642	5.782	-0.40518	-0.53183	0.70999	0.22083	23.3	13111	100
2024-11-4 13:36:20.714	WT901BLE68(B2C0FB98454F)	0.221	0.855	-0.278	-36.255	-18.616	-0.122	119.66	-25.30	-86.67	-27.146	-12.642	5.782	-0.40518	-0.53183	0.70999	0.22083	23.3	13111	100
2024-11-4 13:36:20.743	WT901BLE68(B2C0FB98454F)	0.461	1.108	0.524	-206.421	36.621	-6.165	112.25	-25.63	-87.95	-27.146	-12.642	5.782	-0.58270	-0.41428	0.63171	0.29938	23.3	13111	100
2024-11-4 13:36:20.864	WT901BLE68(B2C0FB98454F)	0.502	0.736	0.075	-119.263	-28.320	86.975	95.77	-30.29	-89.65	-27.146	-12.642	5.782	-0.58270	-0.41428	0.63171	0.29938	23.3	13111	100
2024-11-4 13:36:20.954	WT901BLE68(B2C0FB98454F)	0.464	0.645	-0.103	-100.708	-2.075	33.386	85.83	-35.73	-90.76	-28.714	-10.878	-2.646	-0.58270	-0.41428	0.63171	0.29938	23.3	13111	100
2024-11-4 13:36:21.74	WT901BLE68(B2C0FB98454F)	0.669	0.947	-0.039	-70.740	-1.282	54.016	76.03	-40.34	-88.29	-28.714	-10.878	-2.646	-0.58270	-0.41428	0.63171	0.29938	23.3	13111	100
2024-11-4 13:36:21.168	WT901BLE68(B2C0FB98454F)	0.944	1.203	-0.085	-13.245	-27.771	-1.221	72.87	-43.15	-88.52	-28.714	-10.878	-2.646	-0.66504	-0.21536	0.61502	0.36469	23.3	13111	100
2024-11-4 13:36:21.283	WT901BLE68(B2C0FB98454F)	1.174	1.129	0.279	238.159	-30.151	-68.787	85.42	-38.52	-93.39	-28.714	-10.878	-2.646	-0.66504	-0.21536	0.61502	0.36469	23.3	13111	100
2024-11-4 13:36:21.374	WT901BLE68(B2C0FB98454F)	0.232	1.435	0.072	138.550	-5.188	-152.954	105.55	-31.49	-98.79	-25.676	-11.368	6.272	-0.66504	-0.21536	0.61502	0.36469	23.3	13111	100
2024-11-4 13:36:21.495	WT901BLE68(B2C0FB98454F)	0.093	0.483	-0.018	146.729	0.916	-63.354	121.22	-21.51	-95.11	-25.676	-11.368	6.272	-0.66504	-0.21536	0.61502	0.36469	23.3	13111	100
2024-11-4 13:36:21.554	WT901BLE68(B2C0FB98454F)	1.180	0.115	-0.235	-41.809	50.415	5.066	123.26	-21.55	-93.00	-25.676	-11.368	6.272	-0.51077	-0.50864	0.65759	0.21875	23.3	13111	100
2024-11-4 13:36:21.703	WT901BLE68(B2C0FB98454F)	1.096	1.947	-1.016	21.545	55.054	5.249	114.37	-26.89	-86.46	-25.676	-11.368	6.272	-0.51077	-0.50864	0.65759	0.21875	23.3	13111	100
2024-11-4 13:36:21.769	WT901BLE68(B2C0FB98454F)	0.370	1.341	0.022	-97.961	-11.597	-20.020	117.42	-25.50	-83.18	-26.754	-12.250	3.822	-0.51077	-0.50864	0.65759	0.21875	23.3	13111	100
2024-11-4 13:36:21.883	WT901BLE68(B2C0FB98454F)	0.441	1.331	0.861	-250.488	20.996	8.057	111.29	-25.58	-84.23	-26.754	-12.250	3.822	-0.51077	-0.50864	0.65759	0.21875	23.3	13111	100
2024-11-4 13:36:21.973	WT901BLE68(B2C0FB98454F)	0.513	0.920	0.347	-202.148	-73.975	67.261	93.66	-30.28	-85.90	-26.754	-12.250	3.822	-0.64374	-0.31439	0.60831	0.34149	23.3	13111	100
2024-11-4 13:36:22.94	WT901BLE68(B2C0FB98454F)	0.446	0.796	0.026	-103.088	-19.897	32.715	82.25	-35.25	-88.32	-26.754	-12.250	3.822	-0.64374	-0.31439	0.60831	0.34149	23.3	13111	100
2024-11-4 13:36:22.154	WT901BLE68(B2C0FB98454F)	0.775	0.766	-0.090	-65.002	9.338	50.842	72.81	-39.09	-86.69	-30.184	-7.154	-3.430	-0.64374	-0.31439	0.60831	0.34149	23.3	13111	100
2024-11-4 13:36:22.334	WT901BLE68(B2C0FB98454F)	0.674	1.053	-0.212	-32.166	-42.297	3.296	69.35	-41.89	-87.02	-30.184	-7.154	-3.430	-0.64374	-0.31439	0.60831	0.34149	23.3	13111	100
2024-11-4 13:36:22.424	WT901BLE68(B2C0FB98454F)	1.106	0.910	0.265	218.445	-32.288	-73.425	83.49	-39.01	-95.98	-30.184	-7.154	-3.430	-0.54382	-0.32507	0.70380	0.32117	23.3	13111	100
2024-11-4 13:36:22.484	WT901BLE68(B2C0FB98454F)	0.338	1.357	0.106	104.980	-35.400	-104.309	104.50	-32.38	-103.83	-30.184	-7.154	-3.430	-0.54382	-0.32507	0.70380	0.32117	23.3	13111	100
2024-11-4 13:36:22.574	WT901BLE68(B2C0FB98454F)	0.099	0.433	-0.031	142.883	-13.367	-57.983	121.19	-23.08	-101.99	-26.656	-7.350	9.604	-0.54382	-0.32507	0.70380	0.32117	23.3	13111	100
2024-11-4 13:36:22.694	WT901BLE68(B2C0FB98454F)	0.986	0.089	-0.094	-6.042	39.917	11.963	125.35	-23.06	-99.95	-26.656	-7.350	9.604	-0.54382	-0.32507	0.70380	0.32117	23.3	13111	100
2024-11-4 13:36:22.784	WT901BLE68(B2C0FB98454F)	0.732	1.641	-0.940	-4.883	71.289	11.047	116.52	-28.99	-92.93	-26.656	-7.350	9.604	-0.48514	-0.50424	0.68774	0.19312	23.3	13111	100
2024-11-4 13:36:22.934	WT901BLE68(B2C0FB98454F)	0.233	0.682	-0.764	2.258	30.640	-8.667	120.59	-27.92	-90.24	-26.656	-7.350	9.604	-0.48514	-0.50424	0.68774	0.19312	23.3	13111	100
2024-11-4 13:36:22.995	WT901BLE68(B2C0FB98454F)	0.686	1.184	0.375	-151.489	-18.738	14.771	116.12	-29.38	-91.55	-29.106	-9.016	2.058	-0.48514	-0.50424	0.68774	0.19312	23.3	13111	100
2024-11-4 13:36:23.83	WT901BLE68(B2C0FB98454F)	0.419	0.580	0.035	-170.776	-15.503	65.247	98.33	-32.77	-89.65	-29.106	-9.016	2.058	-0.48514	-0.50424	0.68774	0.19312	23.3	13111	100
2024-11-4 13:36:23.174	WT901BLE68(B2C0FB98454F)	0.604	0.816	0.076	-83.862	10.803	36.377	86.09	-38.10	-90.81	-29.106	-9.016	2.058	-0.67917	-0.22336	0.60394	0.35211	23.3	13111	100
2024-11-4 13:36:23.295	WT901BLE68(B2C0FB98454F)	0.794	0.723	-0.123	-86.731	42.847	51.270	75.60	-41.34	-87.92	-29.106	-9.016	2.058	-0.67917	-0.22336	0.60394	0.35211	23.3	13111	100
2024-11-4 13:36:23.414	WT901BLE68(B2C0FB98454F)	0.567	1.053	-0.104	-33.875	-13.306	16.418	69.48	-44.30	-85.58	-33.418	-3.430	-1.960	-0.67917	-0.22336	0.60394	0.35211	23.3	13111	100
2024-11-4 13:36:23.505	WT901BLE68(B2C0FB98454F)	1.021	0.917	0.367	180.969	-47.974	-55.603	76.72	-43.02	-91.02	-33.418	-3.430	-1.960	-0.67917	-0.22336	0.60394	0.35211	23.3	13111	100
2024-11-4 13:36:23.568	WT901BLE68(B2C0FB98454F)	0.476	1.090	0.142	136.475	-72.510	-61.096	101.85	-37.93	-99.33	-33.418	-3.430	-1.960	-0.49139	-0.44757	0.70953	0.23383	23.3	13111	100
2024-11-4 13:36:23.684	WT901BLE68(B2C0FB98454F)	0.063	0.375	-0.133	185.181	-15.625	-58.716	120.77	-27.65	-97.04	-33.418	-3.430	-1.960	-0.49139	-0.44757	0.70953	0.23383	23.3	13111	100
2024-11-4 13:36:23.774	WT901BLE68(B2C0FB98454F)	0.624	0.101	-0.041	12.939	31.616	-37.048	129.33	-23.72	-93.04	-26.754	-9.506	1.862	-0.49139	-0.44757	0.70953	0.23383	23.3	13111	100
2024-11-4 13:36:23.895	WT901BLE68(B2C0FB98454F)	0.028	0.691	-0.822	-101.501	92.896	32.898	120.30	-27.41	-87.11	-26.754	-9.506	1.862	-0.49139	-0.44757	0.70953	0.23383	23.3	13111	100
2024-11-4 13:36:23.984	WT901BLE68(B2C0FB98454F)	0.394	0.328	-0.919	72.510	53.833	-39.490	121.50	-29.04	-82.04	-26.754	-9.506	1.862	-0.49139	-0.44757	0.70953	0.23383	23.3	13111	100
2024-11-4 13:36:24.105	WT901BLE68(B2C0FB98454F)	0.700	0.017	-0.278	1.770	31.067	16.052	119.70	-28.03	-79.56	-26.754	-9.506	1.862	-0.50696	-0.56796	0.63187	0.14505	23.3	13111	100
2024-11-4 13:36:24.195	WT901BLE68(B2C0FB98454F)	0.506	0.463	-0.140	-161.926	45.532	45.715	103.82	-31.84	-76.29	-21.854	-4.704	2.254	-0.50696	-0.56796	0.63187	0.14505	23.3	13111	100
2024-11-4 13:36:24.315	WT901BLE68(B2C0FB98454F)	0.583	0.689	0.148	-92.102	12.817	47.424	88.91	-37.99	-79.07	-21.854	-4.704	2.254	-0.50696	-0.56796	0.63187	0.14505	23.3	13111	100
2024-11-4 13:36:24.374	WT901BLE68(B2C0FB98454F)	0.725	0.661	-0.125	-86.426	33.020	36.499	78.91	-41.23	-77.82	-21.854	-4.704	2.254	-0.72974	-0.24149	0.57385	0.28241	23.3	13111	100
2024-11-4 13:36:24.494	WT901BLE68(B2C0FB98454F)	0.601	0.966	0.007	-53.894	0.854	32.898	70.20	-44.62	-75.15	-21.854	-4.704	2.254	-0.72974	-0.24149	0.57385	0.28241	23.3	13111	100
2024-11-4 13:36:24.614	WT901BLE68(B2C0FB98454F)	1.271	1.284	0.005	20.691	-41.199	-38.574	70.73	-45.46	-79.59	-34.888	7.938	5.684	-0.72974	-0.24149	0.57385	0.28241	23.3	13111	100
2024-11-4 13:36:24.706	WT901BLE68(B2C0FB98454F)	0.708	1.086	-0.077	182.495	-78.064	-59.509	95.23	-40.30	-88.63	-34.888	7.938	5.684	-0.72974	-0.24149	0.57385	0.28241	23.3	13111	100
2024-11-4 13:36:24.795	WT901BLE68(B2C0FB98454F)	0.335	0.702	-0.112	258.850	-0.427	-99.121	114.81	-30.78	-89.51	-34.888	7.938	5.684	-0.72974	-0.24149	0.57385	0.28241	23.3	13111	100
2024-11-4 13:36:24.915	WT901BLE68(B2C0FB98454F)	0.125	0.246	0.163	93.994	3.479	-45.105	128.55	-26.28	-88.18	-34.888	7.938	5.684	-0.44489	-0.56229	0.68256	0.14099	23.3	13111	100
2024-11-4 13:36:24.973	WT901BLE68(B2C0FB98454F)	0.497	0.142	-0.597	-65.979	63.232	6.958	125.30	-29.65	-85.16	-34.888	7.938	5.684	-0.44489	-0.56229	0.68256	0.14099	23.3	13111	100
2024-11-4 13:36:25.124	WT901BLE68(B2C0FB98454F)	1.201	0.927	-1.357	50.598	-36.316	-31.555	119.81	-32.79	-79.79	-35.672	1.176	-9.506	-0.44489	-0.56229	0.68256	0.14099	23.3	13111	100
2024-11-4 13:36:25.184	WT901BLE68(B2C0FB98454F)	0.805	0.938	-0.848	-17.456	-19.775	1.770	120.64	-31.67	-78.20	-35.672	1.176	-9.506	-0.57095	-0.52652	0.61481	0.13663	23.3	13111	100
2024-11-4 13:36:25.306	WT901BLE68(B2C0FB98454F)	0.461	0.834	-0.104	-137.878	40.344	-0.977	109.66	-33.70	-75.05	-35.672	1.176	-9.506	-0.57095	-0.52652	0.61481	0.13663	23.3	13111	100
2024-11-4 13:36:25.395	WT901BLE68(B2C0FB98454F)	0.522	0.787	0.168	-155.945	-18.372	37.415	93.88	-37.90	-75.52	-35.672	1.176	-9.506	-0.57095	-0.52652	0.61481	0.13663	23.3	13111	100
2024-11-4 13:36:25.514	WT901BLE68(B2C0FB98454F)	0.678	0.797	0.129	-91.125	-1.221	22.095	83.46	-41.03	-74.40	-28.910	10.290	-14.308	-0.57095	-0.52652	0.61481	0.13663	23.3	13111	100
2024-11-4 13:36:25.635	WT901BLE68(B2C0FB98454F)	0.750	0.666	-0.146	-87.463	8.179	45.227	73.37	-44.09	-70.19	-28.910	10.290	-14.308	-0.57095	-0.52652	0.61481	0.13663	23.3	13111	100
2024-11-4 13:36:25.725	WT901BLE68(B2C0FB98454F)	0.733	0.906	-0.106	-37.415	-13.977	10.864	70.12	-46.48	-70.93	-28.910	10.290	-14.308	-0.74255	-0.24310	0.57291	0.24738	23.3	13111	100
2024-11-4 13:36:25.815	WT901BLE68(B2C0FB98454F)	1.259	0.834	0.137	148.743	-57.495	-36.926	79.27	-45.52	-77.27	-28.910	10.290	-14.308	-0.74255	-0.24310	0.57291	0.24738	23.3	13111	100
2024-11-4 13:36:25.904	WT901BLE68(B2C0FB98454F)	0.391	1.079	0.008	139.343	-81.360	-81.482	104.76	-42.97	-85.52	-19.796	21.854	-4.900	-0.74255	-0.24310	0.57291	0.24738	23.3	13111	100
2024-11-4 13:36:25.995	WT901BLE68(B2C0FB98454F)	0.123	0.387	-0.095	150.208	-47.729	-44.189	124.95	-34.37	-89.96	-19.796	21.854	-4.900	-0.46527	-0.53650	0.69711	0.09811	23.3	13111	100
2024-11-4 13:36:26.114	WT901BLE68(B2C0FB98454F)	1.127	0.192	-0.226	-22.156	31.860	-3.540	129.87	-32.68	-89.22	-19.796	21.854	-4.900	-0.46527	-0.53650	0.69711	0.09811	23.3	13111	100
2024-11-4 13:36:26.235	WT901BLE68(B2C0FB98454F)	0.711	1.089	-0.912	-24.170	68.542	20.630	121.28	-36.88	-82.80	-19.796	21.854	-4.900	-0.46527	-0.53650	0.69711	0.09811	23.3	13111	100
2024-11-4 13:36:26.323	WT901BLE68(B2C0FB98454F)	0.239	0.753	-0.623	14.099	49.255	-21.729	122.99	-35.51	-80.22	-31.556	7.252	-18.816	-0.46527	-0.53650	0.69711	0.09811	23.3	13111	100
2024-11-4 13:36:26.414	WT901BLE68(B2C0FB98454F)	0.770	1.052	0.347	-62.256	24.780	25.391	123.15	-36.95	-78.30	-31.556	7.252	-18.816	-0.46527	-0.53650	0.69711	0.09811	23.3	13111	100
