time	DeviceName	AccX(g)	AccY(g)	AccZ(g)	AsX(°/s)	AsY(°/s)	AsZ(°/s)	AngleX(°)	AngleY(°)	AngleZ(°)	HX(uT)	HY(uT)	HZ(uT)	Q0()	Q1()	Q2()	Q3()	Temperature(°C)	Version()	Battery level(%)
2024-11-4 13:36:41.833	WT901BLE68(B2C0FB98454F)	0.876	-0.417	-0.037	2.380	-3.479	-4.822	-93.18	-65.47	131.88	-17.052	30.674	-19.698	0.62790	0.03510	-0.69620	0.34592	23.3	13111	100
2024-11-4 13:36:41.893	WT901BLE68(B2C0FB98454F)	0.882	-0.443	-0.059	0.610	-6.653	-4.944	-94.31	-65.80	133.64	-17.052	30.674	-19.698	0.58856	0.10666	-0.71039	0.37073	23.3	13111	100
2024-11-4 13:36:42.13	WT901BLE68(B2C0FB98454F)	0.901	-0.478	-0.072	9.827	-12.573	-6.348	-95.88	-65.95	136.30	-17.052	30.674	-19.698	0.58856	0.10666	-0.71039	0.37073	23.3	13111	100
2024-11-4 13:36:42.105	WT901BLE68(B2C0FB98454F)	0.864	-0.404	-0.040	-3.296	1.221	-0.122	-97.15	-66.10	138.11	-18.326	30.282	-20.482	0.58856	0.10666	-0.71039	0.37073	23.3	13111	100
2024-11-4 13:36:42.223	WT901BLE68(B2C0FB98454F)	0.951	-0.406	0.033	-15.991	-5.859	-14.587	-99.07	-66.68	139.48	-18.326	30.282	-20.482	0.58856	0.10666	-0.71039	0.37073	23.3	13111	100
2024-11-4 13:36:42.314	WT901BLE68(B2C0FB98454F)	0.861	-0.361	0.013	15.991	-21.362	-5.676	-102.88	-67.19	145.27	-18.326	30.282	-20.482	0.56497	0.14664	-0.72263	0.37009	23.3	13111	100
2024-11-4 13:36:42.465	WT901BLE68(B2C0FB98454F)	0.881	-0.432	-0.001	16.418	-23.865	-5.798	-105.46	-67.38	149.85	-18.326	30.282	-20.482	0.56497	0.14664	-0.72263	0.37009	23.3	13111	100
2024-11-4 13:36:42.495	WT901BLE68(B2C0FB98454F)	0.947	-0.345	0.091	19.043	-39.368	-3.174	-110.63	-66.75	158.03	-22.344	29.302	-21.070	0.56497	0.14664	-0.72263	0.37009	23.3	13111	100
2024-11-4 13:36:42.645	WT901BLE68(B2C0FB98454F)	1.183	-0.316	0.007	16.174	-13.794	6.958	-113.49	-65.84	163.45	-22.344	29.302	-21.070	0.56497	0.14664	-0.72263	0.37009	23.3	13111	100
2024-11-4 13:36:42.705	WT901BLE68(B2C0FB98454F)	1.064	-0.440	0.039	13.672	-28.320	12.024	-114.82	-64.50	165.44	-22.344	29.302	-21.070	0.50485	0.19696	-0.73972	0.39880	23.3	13111	100
2024-11-4 13:36:42.824	WT901BLE68(B2C0FB98454F)	0.896	-0.472	-0.004	22.339	70.679	44.861	-107.76	-64.24	157.85	-22.344	29.302	-21.070	0.50485	0.19696	-0.73972	0.39880	23.3	13111	100
2024-11-4 13:36:42.914	WT901BLE68(B2C0FB98454F)	0.934	-0.661	0.017	172.180	136.414	-78.613	-71.30	-65.02	131.33	-17.836	24.892	-25.872	0.50485	0.19696	-0.73972	0.39880	23.3	13111	100
2024-11-4 13:36:43.34	WT901BLE68(B2C0FB98454F)	0.512	-0.293	0.123	-202.637	376.221	34.180	-47.65	-59.86	85.94	-17.836	24.892	-25.872	0.50485	0.19696	-0.73972	0.39880	23.3	13111	100
2024-11-4 13:36:43.124	WT901BLE68(B2C0FB98454F)	0.309	-0.467	0.140	-38.452	93.506	47.852	-45.89	-46.48	75.06	-17.836	24.892	-25.872	0.76581	-0.06982	-0.49777	0.40100	23.3	13111	100
2024-11-4 13:36:43.244	WT901BLE68(B2C0FB98454F)	1.118	-0.348	0.313	29.297	-20.813	-20.386	-45.79	-45.62	76.01	-17.836	24.892	-25.872	0.76581	-0.06982	-0.49777	0.40100	23.3	13111	100
2024-11-4 13:36:43.305	WT901BLE68(B2C0FB98454F)	1.038	-0.642	0.836	10.986	-32.898	-32.043	-45.44	-52.11	76.49	-10.584	25.382	-14.994	0.76581	-0.06982	-0.49777	0.40100	23.3	13111	100
2024-11-4 13:36:43.424	WT901BLE68(B2C0FB98454F)	1.272	-0.742	0.803	-51.147	-44.617	-22.461	-46.05	-49.93	72.93	-10.584	25.382	-14.994	0.76581	-0.06982	-0.49777	0.40100	23.3	13111	100
2024-11-4 13:36:43.515	WT901BLE68(B2C0FB98454F)	0.960	-0.517	-0.083	32.227	-110.840	12.146	-47.70	-52.79	74.67	-10.584	25.382	-14.994	0.73785	0.00180	-0.57138	0.35916	23.3	13111	100
2024-11-4 13:36:43.664	WT901BLE68(B2C0FB98454F)	1.086	-0.349	0.083	73.608	-123.169	-51.758	-53.01	-62.57	86.39	-10.584	25.382	-14.994	0.73785	0.00180	-0.57138	0.35916	23.3	13111	100
2024-11-4 13:36:43.724	WT901BLE68(B2C0FB98454F)	0.945	-0.096	-0.113	67.078	-156.982	-37.842	-69.43	-71.38	115.63	-20.286	23.128	-18.914	0.73785	0.00180	-0.57138	0.35916	23.3	13111	100
2024-11-4 13:36:43.844	WT901BLE68(B2C0FB98454F)	0.891	-0.279	-0.153	62.683	-55.664	-27.588	-103.64	-75.98	156.36	-20.286	23.128	-18.914	0.73785	0.00180	-0.57138	0.35916	23.3	13111	100
2024-11-4 13:36:43.905	WT901BLE68(B2C0FB98454F)	1.175	-0.123	0.050	32.288	-93.689	-2.319	-131.75	-74.83	-170.66	-20.286	23.128	-18.914	0.49716	0.32858	-0.71146	0.37225	23.3	13111	100
2024-11-4 13:36:44.26	WT901BLE68(B2C0FB98454F)	1.131	-0.230	0.048	28.931	-26.978	10.132	-139.50	-70.07	-159.22	-20.286	23.128	-18.914	0.49716	0.32858	-0.71146	0.37225	23.3	13111	100
2024-11-4 13:36:44.115	WT901BLE68(B2C0FB98454F)	1.537	0.269	-0.504	18.494	134.766	17.822	-125.08	-72.52	-172.08	-28.420	22.246	-18.522	0.49716	0.32858	-0.71146	0.37225	23.3	13111	100
2024-11-4 13:36:44.233	WT901BLE68(B2C0FB98454F)	0.438	-0.771	0.194	-162.903	72.449	-84.106	-66.35	-81.74	127.88	-28.420	22.246	-18.522	0.49716	0.32858	-0.71146	0.37225	23.3	13111	100
2024-11-4 13:36:44.361	WT901BLE68(B2C0FB98454F)	0.446	-0.167	0.202	-225.220	93.201	35.034	-2.72	-68.69	42.50	-28.420	22.246	-18.522	0.80600	0.11230	-0.51392	0.27109	23.3	13111	100
2024-11-4 13:36:44.444	WT901BLE68(B2C0FB98454F)	0.505	-0.126	0.140	-61.340	41.016	10.742	-16.66	-60.68	45.15	-28.420	22.246	-18.522	0.80600	0.11230	-0.51392	0.27109	23.3	13111	100
2024-11-4 13:36:44.535	WT901BLE68(B2C0FB98454F)	0.554	-0.219	0.569	48.279	-82.642	-36.987	-14.24	-63.41	42.55	-32.242	26.656	-8.722	0.80600	0.11230	-0.51392	0.27109	23.3	13111	100
2024-11-4 13:36:44.661	WT901BLE68(B2C0FB98454F)	1.266	-0.305	0.926	-112.366	60.181	-11.475	-11.39	-66.45	35.12	-32.242	26.656	-8.722	0.80600	0.11230	-0.51392	0.27109	23.3	13111	100
2024-11-4 13:36:44.715	WT901BLE68(B2C0FB98454F)	1.142	-0.517	-0.020	39.490	7.446	15.137	-10.57	-68.75	28.50	-32.242	26.656	-8.722	0.79605	0.07578	-0.57965	0.15637	23.3	13111	100
2024-11-4 13:36:44.834	WT901BLE68(B2C0FB98454F)	1.066	0.208	-0.272	180.969	-94.604	-93.689	6.32	-75.51	17.06	-32.242	26.656	-8.722	0.79605	0.07578	-0.57965	0.15637	23.3	13111	100
2024-11-4 13:36:44.924	WT901BLE68(B2C0FB98454F)	0.930	0.466	-0.164	178.406	-113.892	-38.574	63.01	-81.70	-25.67	-43.316	16.562	-7.056	0.79605	0.07578	-0.57965	0.15637	23.3	13111	100
2024-11-4 13:36:45.44	WT901BLE68(B2C0FB98454F)	0.994	0.155	-0.041	76.721	-48.096	-20.386	111.19	-79.52	-69.86	-43.316	16.562	-7.056	0.79605	0.07578	-0.57965	0.15637	23.3	13111	100
2024-11-4 13:36:45.135	WT901BLE68(B2C0FB98454F)	1.334	0.167	0.039	78.552	-89.661	22.583	144.90	-75.62	-101.35	-43.316	16.562	-7.056	0.57257	0.33765	-0.71619	0.21243	23.3	13111	100
2024-11-4 13:36:45.285	WT901BLE68(B2C0FB98454F)	0.958	0.210	0.143	38.879	-7.813	52.063	166.51	-74.31	-120.72	-43.316	16.562	-7.056	0.57257	0.33765	-0.71619	0.21243	23.3	13111	100
2024-11-4 13:36:45.313	WT901BLE68(B2C0FB98454F)	1.233	0.300	-0.332	-89.417	153.870	44.495	165.29	-82.51	-124.76	-42.630	18.914	-4.606	0.57257	0.33765	-0.71619	0.21243	23.3	13111	100
2024-11-4 13:36:45.492	WT901BLE68(B2C0FB98454F)	0.540	-0.546	0.108	-1.038	135.193	110.229	-2.10	-81.18	37.95	-42.630	18.914	-4.606	0.57257	0.33765	-0.71619	0.21243	23.3	13111	100
2024-11-4 13:36:45.522	WT901BLE68(B2C0FB98454F)	0.356	-0.054	0.099	-158.569	98.755	35.645	-5.52	-67.29	19.47	-42.630	18.914	-4.606	0.84796	-0.00156	-0.52164	0.09351	23.3	13111	100
2024-11-4 13:36:45.642	WT901BLE68(B2C0FB98454F)	0.773	-0.173	0.194	-22.461	15.930	-17.700	-12.83	-61.83	19.70	-42.630	18.914	-4.606	0.84796	-0.00156	-0.52164	0.09351	23.3	13111	100
2024-11-4 13:36:45.732	WT901BLE68(B2C0FB98454F)	0.554	-0.070	0.696	33.325	-99.304	-45.837	-3.28	-67.03	11.41	-41.552	20.580	-7.350	0.84796	-0.00156	-0.52164	0.09351	23.3	13111	100
2024-11-4 13:36:45.852	WT901BLE68(B2C0FB98454F)	0.684	-0.362	0.661	-102.051	18.494	-7.446	-4.95	-66.45	4.99	-41.552	20.580	-7.350	0.84796	-0.00156	-0.52164	0.09351	23.3	13111	100
2024-11-4 13:36:45.945	WT901BLE68(B2C0FB98454F)	0.884	-0.010	-0.059	4.639	-74.158	5.615	-7.39	-68.31	4.89	-41.552	20.580	-7.350	0.78784	0.04266	-0.61426	0.00879	23.3	13111	100
2024-11-4 13:36:46.63	WT901BLE68(B2C0FB98454F)	0.797	-0.125	0.071	63.599	-118.469	-37.415	24.37	-77.40	-18.90	-41.552	20.580	-7.350	0.78784	0.04266	-0.61426	0.00879	23.3	13111	100
2024-11-4 13:36:46.124	WT901BLE68(B2C0FB98454F)	0.821	0.375	-0.030	9.094	-42.664	-21.667	88.49	-80.04	-71.71	-48.118	13.132	-2.450	0.78784	0.04266	-0.61426	0.00879	23.3	13111	100
2024-11-4 13:36:46.244	WT901BLE68(B2C0FB98454F)	1.103	0.019	-0.024	57.007	-70.068	7.080	114.09	-77.81	-93.96	-48.118	13.132	-2.450	0.78784	0.04266	-0.61426	0.00879	23.3	13111	100
2024-11-4 13:36:46.336	WT901BLE68(B2C0FB98454F)	1.270	0.374	0.016	57.129	-50.354	43.396	149.19	-73.63	-124.43	-48.118	13.132	-2.450	0.59717	0.21320	-0.76556	0.10834	23.3	13111	100
2024-11-4 13:36:46.461	WT901BLE68(B2C0FB98454F)	1.472	0.455	0.057	1.038	53.589	15.198	162.55	-74.80	-136.44	-48.118	13.132	-2.450	0.59717	0.21320	-0.76556	0.10834	23.3	13111	100
2024-11-4 13:36:46.545	WT901BLE68(B2C0FB98454F)	1.626	-0.069	-0.135	18.372	130.920	-20.813	102.34	-86.39	-81.73	-43.414	16.856	-6.272	0.59717	0.21320	-0.76556	0.10834	23.3	13111	100
2024-11-4 13:36:46.669	WT901BLE68(B2C0FB98454F)	0.547	-0.037	-0.219	-582.275	129.456	-192.749	10.04	-81.98	-5.03	-43.414	16.856	-6.272	0.59717	0.21320	-0.76556	0.10834	23.3	13111	100
2024-11-4 13:36:46.725	WT901BLE68(B2C0FB98454F)	0.323	-0.027	-0.032	-102.783	80.872	18.250	-3.13	-65.22	-4.32	-43.414	16.856	-6.272	0.84296	-0.05173	-0.53253	-0.05521	23.3	13111	100
2024-11-4 13:36:46.845	WT901BLE68(B2C0FB98454F)	1.894	-0.166	0.335	56.030	-30.884	-48.584	-1.83	-65.00	-6.85	-43.414	16.856	-6.272	0.84296	-0.05173	-0.53253	-0.05521	23.3	13111	100
2024-11-4 13:36:46.933	WT901BLE68(B2C0FB98454F)	1.375	0.207	1.009	-56.213	22.583	-9.705	14.91	-70.71	-21.90	-44.394	21.952	-5.586	0.84296	-0.05173	-0.53253	-0.05521	23.3	13111	100
2024-11-4 13:36:47.61	WT901BLE68(B2C0FB98454F)	0.934	0.235	0.167	0.977	-50.049	-0.427	4.71	-68.80	-21.40	-44.394	21.952	-5.586	0.84296	-0.05173	-0.53253	-0.05521	23.3	13111	100
2024-11-4 13:36:47.145	WT901BLE68(B2C0FB98454F)	0.697	0.788	0.104	85.876	-104.431	-59.814	9.38	-72.82	-21.22	-44.394	21.952	-5.586	0.74438	0.07944	-0.66107	-0.04971	23.3	13111	100
2024-11-4 13:36:47.269	WT901BLE68(B2C0FB98454F)	0.922	0.300	-0.109	201.965	-68.420	-47.180	60.66	-77.12	-57.86	-44.394	21.952	-5.586	0.74438	0.07944	-0.66107	-0.04971	23.3	13111	100
2024-11-4 13:36:47.366	WT901BLE68(B2C0FB98454F)	0.878	0.043	0.160	35.583	-47.180	-15.320	100.94	-74.84	-88.65	-49.588	11.270	-1.862	0.74438	0.07944	-0.66107	-0.04971	23.3	13111	100
2024-11-4 13:36:47.474	WT901BLE68(B2C0FB98454F)	1.293	0.187	0.122	91.919	-91.309	19.836	127.33	-73.19	-108.09	-49.588	11.270	-1.862	0.74438	0.07944	-0.66107	-0.04971	23.3	13111	100
2024-11-4 13:36:47.535	WT901BLE68(B2C0FB98454F)	1.056	0.489	0.019	41.626	-14.954	45.898	151.47	-71.29	-127.95	-49.588	11.270	-1.862	0.61627	0.19913	-0.75626	0.09253	23.3	13111	100
2024-11-4 13:36:47.661	WT901BLE68(B2C0FB98454F)	1.461	0.370	-0.265	-35.950	127.991	37.109	151.45	-77.33	-128.77	-49.588	11.270	-1.862	0.61627	0.19913	-0.75626	0.09253	23.3	13111	100
2024-11-4 13:36:47.745	WT901BLE68(B2C0FB98454F)	0.459	-0.034	0.190	-164.734	183.289	-7.813	42.17	-82.07	-24.59	-40.670	17.640	-6.958	0.61627	0.19913	-0.75626	0.09253	23.3	13111	100
2024-11-4 13:36:47.868	WT901BLE68(B2C0FB98454F)	0.282	0.646	0.146	88.867	361.938	-75.012	2.65	-69.13	-1.47	-40.670	17.640	-6.958	0.61627	0.19913	-0.75626	0.09253	23.3	13111	100
2024-11-4 13:36:47.967	WT901BLE68(B2C0FB98454F)	0.724	-0.088	0.087	-62.012	35.828	-20.142	-6.28	-63.09	-2.11	-40.670	17.640	-6.958	0.61627	0.19913	-0.75626	0.09253	23.3	13111	100
2024-11-4 13:36:48.75	WT901BLE68(B2C0FB98454F)	0.586	-0.146	0.476	42.603	-74.829	-39.917	4.93	-67.45	-11.58	-40.670	17.640	-6.958	0.82733	-0.01636	-0.55847	-0.05679	23.3	13111	100
2024-11-4 13:36:48.134	WT901BLE68(B2C0FB98454F)	0.669	-0.148	0.848	-92.285	24.780	-22.278	3.26	-67.45	-17.05	-42.336	22.344	-4.606	0.82733	-0.01636	-0.55847	-0.05679	23.3	13111	100
2024-11-4 13:36:48.261	WT901BLE68(B2C0FB98454F)	0.923	-0.782	-0.173	60.730	-5.371	35.950	5.94	-69.24	-21.51	-42.336	22.344	-4.606	0.82733	-0.01636	-0.55847	-0.05679	23.3	13111	100
2024-11-4 13:36:48.345	WT901BLE68(B2C0FB98454F)	0.787	-0.099	0.061	154.480	-96.130	-53.833	34.28	-76.93	-40.82	-42.336	22.344	-4.606	0.70612	0.11374	-0.69788	-0.03641	23.3	13111	100
2024-11-4 13:36:48.468	WT901BLE68(B2C0FB98454F)	0.820	0.399	-0.163	53.162	-51.208	-30.457	93.37	-76.89	-86.79	-42.336	22.344	-4.606	0.70612	0.11374	-0.69788	-0.03641	23.3	13111	100
2024-11-4 13:36:48.566	WT901BLE68(B2C0FB98454F)	1.104	0.106	-0.011	48.645	-54.260	16.052	113.10	-74.38	-102.38	-47.628	12.740	1.666	0.70612	0.11374	-0.69788	-0.03641	23.3	13111	100
2024-11-4 13:36:48.674	WT901BLE68(B2C0FB98454F)	1.233	0.340	0.067	69.092	-40.100	37.842	142.21	-71.78	-126.65	-47.628	12.740	1.666	0.70612	0.11374	-0.69788	-0.03641	23.3	13111	100
2024-11-4 13:36:48.767	WT901BLE68(B2C0FB98454F)	1.452	0.325	0.103	-0.977	65.369	14.587	152.20	-74.36	-135.04	-47.628	12.740	1.666	0.70612	0.11374	-0.69788	-0.03641	23.3	13111	100
2024-11-4 13:36:48.884	WT901BLE68(B2C0FB98454F)	1.535	0.112	-0.075	18.005	136.475	-8.301	79.29	-84.48	-66.28	-47.628	12.740	1.666	0.71451	0.11459	-0.68796	0.05426	23.3	13111	100
2024-11-4 13:36:48.944	WT901BLE68(B2C0FB98454F)	0.483	-0.106	-0.347	-611.572	156.128	-161.499	13.29	-82.84	-14.00	-42.826	17.640	-6.370	0.71451	0.11459	-0.68796	0.05426	23.3	13111	100
2024-11-4 13:36:49.64	WT901BLE68(B2C0FB98454F)	0.355	0.001	-0.055	-84.900	68.054	33.264	-2.48	-64.46	-10.04	-42.826	17.640	-6.370	0.71451	0.11459	-0.68796	0.05426	23.3	13111	100
2024-11-4 13:36:49.167	WT901BLE68(B2C0FB98454F)	1.548	-0.142	0.429	64.880	-37.476	-44.250	0.05	-65.20	-11.22	-42.826	17.640	-6.370	0.80713	-0.01810	-0.58112	-0.10217	23.3	13111	100
2024-11-4 13:36:49.274	WT901BLE68(B2C0FB98454F)	1.359	0.124	1.032	-84.045	57.983	-6.287	13.72	-69.35	-25.18	-42.826	17.640	-6.370	0.80713	-0.01810	-0.58112	-0.10217	23.3	13111	100
2024-11-4 13:36:49.367	WT901BLE68(B2C0FB98454F)	0.926	0.145	-0.076	57.678	-19.836	-14.282	5.38	-68.15	-26.71	-42.826	17.640	-6.370	0.80713	-0.01810	-0.58112	-0.10217	23.3	13111	100
2024-11-4 13:36:49.484	WT901BLE68(B2C0FB98454F)	0.801	0.819	0.010	108.948	-98.694	-94.666	11.96	-72.99	-28.66	-45.668	20.972	-5.880	0.80713	-0.01810	-0.58112	-0.10217	23.3	13111	100
2024-11-4 13:36:49.543	WT901BLE68(B2C0FB98454F)	0.957	0.341	-0.111	202.271	-73.547	-50.293	65.95	-76.32	-69.15	-45.668	20.972	-5.880	0.80713	-0.01810	-0.58112	-0.10217	23.3	13111	100
2024-11-4 13:36:49.662	WT901BLE68(B2C0FB98454F)	0.923	0.098	0.163	56.519	-54.565	-8.362	105.88	-73.60	-99.29	-45.668	20.972	-5.880	0.67325	0.14462	-0.72339	-0.04913	23.3	13111	100
2024-11-4 13:36:49.753	WT901BLE68(B2C0FB98454F)	1.289	0.205	0.042	93.384	-85.938	19.897	129.35	-71.43	-116.88	-51.352	12.250	2.450	0.67325	0.14462	-0.72339	-0.04913	23.3	13111	100
2024-11-4 13:36:49.874	WT901BLE68(B2C0FB98454F)	0.869	0.315	-0.060	59.265	-0.977	37.598	151.07	-71.08	-133.37	-51.352	12.250	2.450	0.67325	0.14462	-0.72339	-0.04913	23.3	13111	100
2024-11-4 13:36:49.963	WT901BLE68(B2C0FB98454F)	1.453	0.586	-0.240	-62.561	153.809	52.246	149.84	-79.00	-132.00	-51.352	12.250	2.450	0.75409	0.09326	-0.64795	0.05231	23.3	13111	100
2024-11-4 13:36:50.84	WT901BLE68(B2C0FB98454F)	0.478	-0.354	0.244	-149.414	176.392	39.917	22.51	-79.69	-11.94	-51.352	12.250	2.450	0.75409	0.09326	-0.64795	0.05231	23.3	13111	100
2024-11-4 13:36:50.174	WT901BLE68(B2C0FB98454F)	0.231	0.141	0.071	-180.298	126.892	21.912	2.07	-68.44	-11.00	-51.352	12.250	2.450	0.75409	0.09326	-0.64795	0.05231	23.3	13111	100
2024-11-4 13:36:50.295	WT901BLE68(B2C0FB98454F)	0.994	-0.205	0.146	-26.855	27.405	-7.141	-7.55	-61.48	-6.47	-42.728	20.580	-9.898	0.75409	0.09326	-0.64795	0.05231	23.3	13111	100
2024-11-4 13:36:50.369	WT901BLE68(B2C0FB98454F)	0.549	0.084	0.866	14.893	-110.107	-58.472	5.26	-67.87	-17.13	-42.728	20.580	-9.898	0.75409	0.09326	-0.64795	0.05231	23.3	13111	100
2024-11-4 13:36:50.474	WT901BLE68(B2C0FB98454F)	1.234	-0.363	0.603	-114.990	5.920	3.113	3.05	-66.27	-24.22	-42.728	20.580	-9.898	0.81558	-0.10104	-0.54572	-0.16339	23.3	13111	100
2024-11-4 13:36:50.563	WT901BLE68(B2C0FB98454F)	1.007	-0.118	-0.317	48.035	-34.363	25.635	4.26	-69.76	-23.37	-42.728	20.580	-9.898	0.81558	-0.10104	-0.54572	-0.16339	23.3	13111	100
2024-11-4 13:36:50.684	WT901BLE68(B2C0FB98454F)	0.836	-0.227	0.010	112.183	-102.539	-46.692	49.10	-77.03	-57.98	-49.098	16.170	-4.606	0.81558	-0.10104	-0.54572	-0.16339	23.3	13111	100
2024-11-4 13:36:50.774	WT901BLE68(B2C0FB98454F)	0.849	0.367	-0.265	70.862	-53.101	-25.940	100.93	-75.71	-94.77	-49.098	16.170	-4.606	0.81558	-0.10104	-0.54572	-0.16339	23.3	13111	100
2024-11-4 13:36:50.895	WT901BLE68(B2C0FB98454F)	1.194	0.150	-0.002	43.274	-69.031	16.357	119.97	-73.96	-109.90	-49.098	16.170	-4.606	0.63815	0.15787	-0.75336	-0.01248	23.3	13111	100
2024-11-4 13:36:50.970	WT901BLE68(B2C0FB98454F)	1.107	0.493	0.027	51.453	-29.541	44.983	147.00	-70.71	-132.57	-49.098	16.170	-4.606	0.63815	0.15787	-0.75336	-0.01248	23.3	13111	100
2024-11-4 13:36:51.74	WT901BLE68(B2C0FB98454F)	1.567	0.499	-0.173	-26.794	107.056	26.794	150.68	-74.25	-135.53	-50.960	15.484	1.764	0.63815	0.15787	-0.75336	-0.01248	23.3	13111	100
2024-11-4 13:36:51.168	WT901BLE68(B2C0FB98454F)	0.767	-0.042	0.161	-132.385	163.330	-1.221	70.78	-82.34	-59.55	-50.960	15.484	1.764	0.63815	0.15787	-0.75336	-0.01248	23.3	13111	100
2024-11-4 13:36:51.284	WT901BLE68(B2C0FB98454F)	0.323	0.330	0.100	74.219	424.133	-117.188	19.86	-77.47	-28.71	-50.960	15.484	1.764	0.80457	-0.00018	-0.58688	-0.09018	23.3	13111	100
2024-11-4 13:36:51.374	WT901BLE68(B2C0FB98454F)	0.592	-0.068	0.036	-64.636	50.781	11.230	2.83	-63.63	-17.01	-43.218	18.424	-8.722	0.80457	-0.00018	-0.58688	-0.09018	23.3	13111	100
2024-11-4 13:36:51.495	WT901BLE68(B2C0FB98454F)	0.763	0.030	0.504	29.846	-57.739	-62.622	9.14	-64.85	-23.49	-43.218	18.424	-8.722	0.80457	-0.00018	-0.58688	-0.09018	23.3	13111	100
2024-11-4 13:36:51.584	WT901BLE68(B2C0FB98454F)	1.208	-0.183	1.065	-103.394	30.823	4.089	15.78	-65.86	-34.10	-43.218	18.424	-8.722	0.80457	-0.00018	-0.58688	-0.09018	23.3	13111	100
2024-11-4 13:36:51.705	WT901BLE68(B2C0FB98454F)	0.902	-0.389	0.308	48.706	31.372	11.353	13.04	-67.31	-34.88	-43.218	18.424	-8.722	0.80750	-0.07022	-0.55637	-0.18262	23.3	13111	100
2024-11-4 13:36:51.766	WT901BLE68(B2C0FB98454F)	0.977	0.384	-0.189	215.210	-60.852	-80.994	27.80	-71.64	-43.36	-43.218	18.424	-8.722	0.80750	-0.07022	-0.55637	-0.18262	23.3	13111	100
2024-11-4 13:36:51.884	WT901BLE68(B2C0FB98454F)	0.848	0.587	-0.322	219.482	-105.530	-44.739	76.02	-74.06	-75.38	-46.648	11.466	-3.920	0.80750	-0.07022	-0.55637	-0.18262	23.3	13111	100
2024-11-4 13:36:51.974	WT901BLE68(B2C0FB98454F)	1.001	0.270	0.008	116.272	-36.072	-15.808	101.95	-71.04	-94.95	-46.648	11.466	-3.920	0.80750	-0.07022	-0.55637	-0.18262	23.3	13111	100
2024-11-4 13:36:52.95	WT901BLE68(B2C0FB98454F)	1.412	0.354	0.137	77.026	-67.139	20.691	129.19	-69.70	-114.82	-46.648	11.466	-3.920	0.61581	0.19733	-0.76270	-0.00378	23.3	13111	100
2024-11-4 13:36:52.184	WT901BLE68(B2C0FB98454F)	0.886	0.250	0.200	41.260	2.991	42.175	145.99	-70.32	-128.33	-46.648	11.466	-3.920	0.61581	0.19733	-0.76270	-0.00378	23.3	13111	100
2024-11-4 13:36:52.304	WT901BLE68(B2C0FB98454F)	1.317	0.130	-0.327	-81.421	178.650	47.302	120.26	-79.68	-104.91	-47.922	15.484	-0.490	0.61581	0.19733	-0.76270	-0.00378	23.3	13111	100
2024-11-4 13:36:52.369	WT901BLE68(B2C0FB98454F)	0.613	-0.372	0.098	20.569	118.591	102.600	22.10	-78.37	-14.41	-47.922	15.484	-0.490	0.61581	0.19733	-0.76270	-0.00378	23.3	13111	100
2024-11-4 13:36:52.484	WT901BLE68(B2C0FB98454F)	0.215	-0.139	0.054	-102.295	125.305	50.903	1.44	-66.48	-10.39	-47.922	15.484	-0.490	0.83646	-0.04169	-0.54230	-0.06644	23.3	13111	100
2024-11-4 13:36:52.573	WT901BLE68(B2C0FB98454F)	1.456	-0.143	0.186	15.320	-10.986	-21.179	-4.82	-62.63	-6.39	-47.922	15.484	-0.490	0.83646	-0.04169	-0.54230	-0.06644	23.3	13111	100
2024-11-4 13:36:52.695	WT901BLE68(B2C0FB98454F)	0.830	0.049	0.887	46.509	-115.173	-40.894	11.59	-70.05	-18.48	-41.650	19.894	-7.546	0.83646	-0.04169	-0.54230	-0.06644	23.3	13111	100
2024-11-4 13:36:52.784	WT901BLE68(B2C0FB98454F)	1.075	-0.384	0.260	-112.000	-33.752	39.551	0.01	-67.35	-15.66	-41.650	19.894	-7.546	0.83646	-0.04169	-0.54230	-0.06644	23.3	13111	100
2024-11-4 13:36:52.905	WT901BLE68(B2C0FB98454F)	1.112	0.244	-0.358	-5.066	-39.001	12.085	-10.71	-70.18	-6.05	-41.650	19.894	-7.546	0.79678	-0.08768	-0.58987	-0.09711	23.3	13111	100
2024-11-4 13:36:52.995	WT901BLE68(B2C0FB98454F)	0.849	-0.228	0.139	109.314	-104.370	-37.109	23.25	-78.77	-30.00	-41.650	19.894	-7.546	0.79678	-0.08768	-0.58987	-0.09711	23.3	13111	100
2024-11-4 13:36:53.115	WT901BLE68(B2C0FB98454F)	0.753	0.303	0.090	72.021	-63.416	-25.635	82.55	-81.71	-80.15	-44.100	16.758	-1.960	0.79678	-0.08768	-0.58987	-0.09711	23.3	13111	100
2024-11-4 13:36:53.205	WT901BLE68(B2C0FB98454F)	1.205	0.091	-0.101	43.579	-74.402	-18.555	115.66	-77.53	-109.30	-44.100	16.758	-1.960	0.79678	-0.08768	-0.58987	-0.09711	23.3	13111	100
2024-11-4 13:36:53.295	WT901BLE68(B2C0FB98454F)	1.347	0.133	0.101	61.401	-48.767	11.475	141.70	-72.60	-133.13	-44.100	16.758	-1.960	0.61685	0.11700	-0.77826	-0.00232	23.3	13111	100
2024-11-4 13:36:53.384	WT901BLE68(B2C0FB98454F)	1.234	0.567	0.188	-4.272	44.250	15.137	148.12	-75.68	-139.77	-44.100	16.758	-1.960	0.61685	0.11700	-0.77826	-0.00232	23.3	13111	100
2024-11-4 13:36:53.504	WT901BLE68(B2C0FB98454F)	0.752	0.228	0.184	-48.096	166.138	25.024	49.36	-83.29	-49.64	-42.630	17.346	-0.882	0.61685	0.11700	-0.77826	-0.00232	23.3	13111	100
2024-11-4 13:36:53.594	WT901BLE68(B2C0FB98454F)	0.510	0.643	0.485	-15.564	250.183	-196.228	27.25	-72.90	-48.76	-42.630	17.346	-0.882	0.61685	0.11700	-0.77826	-0.00232	23.3	13111	100
2024-11-4 13:36:53.715	WT901BLE68(B2C0FB98454F)	0.406	-0.098	-0.016	-149.719	30.273	-18.921	14.53	-65.20	-50.98	-42.630	17.346	-0.882	0.77957	-0.14676	-0.52280	-0.31192	23.3	13111	100
2024-11-4 13:36:53.774	WT901BLE68(B2C0FB98454F)	1.326	-0.141	0.142	26.672	-50.476	-42.358	19.64	-65.74	-59.75	-42.630	17.346	-0.882	0.77957	-0.14676	-0.52280	-0.31192	23.3	13111	100
2024-11-4 13:36:53.895	WT901BLE68(B2C0FB98454F)	1.137	0.376	1.103	-92.407	38.330	-10.986	36.94	-70.00	-74.93	-44.296	10.780	0.392	0.77957	-0.14676	-0.52280	-0.31192	23.3	13111	100
2024-11-4 13:36:53.983	WT901BLE68(B2C0FB98454F)	0.983	0.120	-0.240	-0.793	-3.845	2.136	29.00	-68.87	-76.27	-44.296	10.780	0.392	0.77957	-0.14676	-0.52280	-0.31192	23.3	13111	100
2024-11-4 13:36:54.105	WT901BLE68(B2C0FB98454F)	0.986	1.343	-0.270	44.983	11.719	126.465	9.43	-72.05	-58.44	-44.296	10.780	0.392	0.73486	-0.20618	-0.55865	-0.32446	23.3	13111	100
2024-11-4 13:36:54.195	WT901BLE68(B2C0FB98454F)	0.865	0.021	0.072	0.793	-74.646	-46.326	25.58	-76.05	-73.62	-44.296	10.780	0.392	0.73486	-0.20618	-0.55865	-0.32446	23.3	13111	100
2024-11-4 13:36:54.315	WT901BLE68(B2C0FB98454F)	0.898	0.346	0.062	-26.550	-51.819	-49.744	61.63	-78.53	-109.77	-41.944	9.310	9.898	0.73486	-0.20618	-0.55865	-0.32446	23.3	13111	100
2024-11-4 13:36:54.404	WT901BLE68(B2C0FB98454F)	1.116	0.326	-0.017	-5.859	-54.077	-35.645	88.81	-75.33	-140.87	-41.944	9.310	9.898	0.73486	-0.20618	-0.55865	-0.32446	23.3	13111	100
2024-11-4 13:36:54.525	WT901BLE68(B2C0FB98454F)	0.848	0.125	0.017	-40.039	-0.305	14.526	100.39	-73.19	-156.54	-41.944	9.310	9.898	0.55521	-0.25986	-0.67444	-0.41138	23.3	13111	100
2024-11-4 13:36:54.584	WT901BLE68(B2C0FB98454F)	1.117	0.523	0.029	-95.642	24.414	40.527	93.11	-75.66	-156.16	-41.944	9.310	9.898	0.55521	-0.25986	-0.67444	-0.41138	23.3	13111	100
2024-11-4 13:36:54.704	WT901BLE68(B2C0FB98454F)	1.107	-0.012	0.197	-205.017	88.013	75.684	36.58	-79.46	-112.37	-40.376	1.862	14.112	0.55521	-0.25986	-0.67444	-0.41138	23.3	13111	100
2024-11-4 13:36:54.793	WT901BLE68(B2C0FB98454F)	0.763	0.616	0.061	-278.381	28.931	-102.051	26.70	-70.72	-124.18	-40.376	1.862	14.112	0.55521	-0.25986	-0.67444	-0.41138	23.3	13111	100
2024-11-4 13:36:54.914	WT901BLE68(B2C0FB98454F)	0.573	0.217	0.025	-219.727	19.287	-73.547	16.05	-64.24	-134.30	-40.376	1.862	14.112	0.34128	-0.45752	-0.27969	-0.77191	23.3	13111	100
2024-11-4 13:36:55.4	WT901BLE68(B2C0FB98454F)	1.318	-0.041	0.267	-58.167	-26.001	-70.923	18.18	-63.46	-150.52	-40.376	1.862	14.112	0.34128	-0.45752	-0.27969	-0.77191	23.3	13111	100
2024-11-4 13:36:55.125	WT901BLE68(B2C0FB98454F)	0.936	0.057	0.556	-59.143	-50.354	-33.508	30.84	-67.71	-168.70	-36.554	-18.228	2.940	0.34128	-0.45752	-0.27969	-0.77191	23.3	13111	100
2024-11-4 13:36:55.184	WT901BLE68(B2C0FB98454F)	0.989	0.409	-0.105	-35.339	-41.687	-55.664	31.62	-68.51	-178.40	-36.554	-18.228	2.940	0.34128	-0.45752	-0.27969	-0.77191	23.3	13111	100
2024-11-4 13:36:55.305	WT901BLE68(B2C0FB98454F)	1.086	0.319	-0.156	8.179	-46.875	23.071	42.20	-72.48	168.69	-36.554	-18.228	2.940	0.14282	-0.59256	-0.24091	-0.75519	23.3	13111	100
2024-11-4 13:36:55.395	WT901BLE68(B2C0FB98454F)	0.884	0.409	0.164	-21.179	-61.218	-15.991	53.27	-75.86	155.99	-36.554	-18.228	2.940	0.14282	-0.59256	-0.24091	-0.75519	23.3	13111	100
2024-11-4 13:36:55.515	WT901BLE68(B2C0FB98454F)	0.900	0.273	-0.104	-39.490	-38.086	-24.353	72.57	-75.92	133.84	-33.418	-21.168	7.154	0.14282	-0.59256	-0.24091	-0.75519	23.3	13111	100
2024-11-4 13:36:55.604	WT901BLE68(B2C0FB98454F)	0.908	0.288	0.041	-16.785	-46.143	-23.193	93.20	-74.41	108.99	-33.418	-21.168	7.154	0.14282	-0.59256	-0.24091	-0.75519	23.3	13111	100
2024-11-4 13:36:55.724	WT901BLE68(B2C0FB98454F)	1.019	0.262	0.092	3.906	-36.377	-5.005	104.94	-72.53	96.60	-33.418	-21.168	7.154	0.03302	-0.70676	-0.24176	-0.66397	23.3	13111	100
2024-11-4 13:36:55.814	WT901BLE68(B2C0FB98454F)	1.189	0.573	-0.020	-34.729	-39.551	18.555	117.25	-72.41	83.95	-33.418	-21.168	7.154	0.03302	-0.70676	-0.24176	-0.66397	23.3	13111	100
2024-11-4 13:36:55.935	WT901BLE68(B2C0FB98454F)	1.001	0.734	-0.021	-6.226	-25.574	39.978	126.88	-73.56	74.54	-32.340	-19.992	10.682	0.03302	-0.70676	-0.24176	-0.66397	23.3	13111	100
2024-11-4 13:36:55.995	WT901BLE68(B2C0FB98454F)	1.437	-0.012	-0.112	-132.385	155.762	36.804	110.93	-80.10	83.79	-32.340	-19.992	10.682	0.03302	-0.70676	-0.24176	-0.66397	23.3	13111	100
2024-11-4 13:36:56.114	WT901BLE68(B2C0FB98454F)	0.845	0.055	-0.851	-402.222	-132.385	-120.667	26.51	-74.15	166.44	-32.340	-19.992	10.682	-0.14227	-0.59540	0.00311	-0.79065	23.3	13111	100
2024-11-4 13:36:56.205	WT901BLE68(B2C0FB98454F)	0.534	0.119	-0.065	-219.666	44.800	23.193	24.03	-66.55	130.06	-32.340	-19.992	10.682	-0.14227	-0.59540	0.00311	-0.79065	23.3	13111	100
2024-11-4 13:36:56.324	WT901BLE68(B2C0FB98454F)	0.992	-0.130	0.141	-11.902	30.029	-15.198	7.48	-64.56	132.28	-26.656	-17.052	-20.874	-0.14227	-0.59540	0.00311	-0.79065	23.3	13111	100
2024-11-4 13:36:56.414	WT901BLE68(B2C0FB98454F)	0.547	0.272	0.694	96.069	-64.880	-54.199	20.23	-65.24	124.21	-26.656	-17.052	-20.874	-0.14227	-0.59540	0.00311	-0.79065	23.3	13111	100
2024-11-4 13:36:56.534	WT901BLE68(B2C0FB98454F)	1.010	-0.071	0.544	-79.834	-23.376	-7.813	21.09	-63.67	119.78	-26.656	-17.052	-20.874	-0.33624	-0.54498	0.13150	-0.75665	23.3	13111	100
2024-11-4 13:36:56.595	WT901BLE68(B2C0FB98454F)	0.915	-0.230	0.052	59.082	7.568	-0.793	27.39	-65.69	114.38	-26.656	-17.052	-20.874	-0.33624	-0.54498	0.13150	-0.75665	23.3	13111	100
2024-11-4 13:36:56.714	WT901BLE68(B2C0FB98454F)	0.916	0.755	-0.247	197.449	-32.227	-57.251	41.64	-68.92	105.93	-28.224	-21.070	-15.484	-0.33624	-0.54498	0.13150	-0.75665	23.3	13111	100
2024-11-4 13:36:56.805	WT901BLE68(B2C0FB98454F)	0.884	0.619	-0.124	140.137	-34.119	-5.188	67.78	-68.95	89.02	-28.224	-21.070	-15.484	-0.33624	-0.54498	0.13150	-0.75665	23.3	13111	100
2024-11-4 13:36:56.924	WT901BLE68(B2C0FB98454F)	0.872	0.467	0.097	103.638	-10.498	-21.423	88.45	-67.45	75.64	-28.224	-21.070	-15.484	-0.19745	-0.71478	-0.08127	-0.66586	23.3	13111	100
2024-11-4 13:36:57.15	WT901BLE68(B2C0FB98454F)	1.200	0.337	0.056	91.187	-55.786	-4.639	104.77	-66.04	68.10	-28.224	-21.070	-15.484	-0.19745	-0.71478	-0.08127	-0.66586	23.3	13111	100
2024-11-4 13:36:57.133	WT901BLE68(B2C0FB98454F)	0.980	0.669	0.033	51.697	-14.099	36.865	118.92	-66.19	61.14	-30.674	-24.990	5.684	-0.19745	-0.71478	-0.08127	-0.66586	23.3	13111	100
2024-11-4 13:36:57.224	WT901BLE68(B2C0FB98454F)	1.375	0.549	-0.194	-56.824	112.427	45.410	112.05	-71.31	72.46	-30.674	-24.990	5.684	-0.19745	-0.71478	-0.08127	-0.66586	23.3	13111	100
2024-11-4 13:36:57.345	WT901BLE68(B2C0FB98454F)	0.879	0.075	0.157	-115.723	108.215	71.472	56.95	-74.92	122.06	-30.674	-24.990	5.684	-0.04184	-0.59137	-0.03903	-0.80429	23.3	13111	100
2024-11-4 13:36:57.405	WT901BLE68(B2C0FB98454F)	0.475	-0.127	0.363	-303.406	114.258	-59.875	14.84	-70.80	151.02	-30.674	-24.990	5.684	-0.04184	-0.59137	-0.03903	-0.80429	23.3	13111	100
2024-11-4 13:36:57.525	WT901BLE68(B2C0FB98454F)	0.799	0.031	0.125	-16.968	29.663	-31.311	8.83	-66.15	152.04	-31.752	-22.344	-16.562	-0.04184	-0.59137	-0.03903	-0.80429	23.3	13111	100
2024-11-4 13:36:57.614	WT901BLE68(B2C0FB98454F)	0.554	-0.027	0.450	243.591	-31.128	-51.392	32.79	-65.85	137.80	-31.752	-22.344	-16.562	-0.04184	-0.59137	-0.03903	-0.80429	23.3	13111	100
2024-11-4 13:36:57.733	WT901BLE68(B2C0FB98454F)	0.151	0.312	0.443	-1.038	-8.911	-7.568	42.26	-64.29	135.08	-31.752	-22.344	-16.562	-0.10211	-0.59619	-0.11368	-0.78809	23.3	13111	100
2024-11-4 13:36:57.825	WT901BLE68(B2C0FB98454F)	0.942	-0.614	-0.429	45.715	43.457	3.662	47.27	-65.45	134.88	-31.752	-22.344	-16.562	-0.10211	-0.59619	-0.11368	-0.78809	23.3	13111	100
2024-11-4 13:36:57.945	WT901BLE68(B2C0FB98454F)	0.796	0.043	0.189	107.605	-14.038	-50.171	62.44	-67.62	127.25	-29.890	-29.694	-0.196	-0.10211	-0.59619	-0.11368	-0.78809	23.3	13111	100
2024-11-4 13:36:58.5	WT901BLE68(B2C0FB98454F)	0.844	0.501	-0.168	157.288	24.048	4.211	74.66	-67.68	128.72	-29.890	-29.694	-0.196	-0.10211	-0.59619	-0.11368	-0.78809	23.3	13111	100
2024-11-4 13:36:58.124	WT901BLE68(B2C0FB98454F)	0.855	0.376	0.027	99.060	27.283	2.258	83.37	-66.74	131.90	-29.890	-29.694	-0.196	0.12512	-0.58820	-0.37067	-0.70770	23.3	13111	100
2024-11-4 13:36:58.215	WT901BLE68(B2C0FB98454F)	1.072	0.508	0.050	60.669	21.606	17.395	84.63	-67.70	138.75	-29.890	-29.694	-0.196	0.12512	-0.58820	-0.37067	-0.70770	23.3	13111	100
2024-11-4 13:36:58.366	WT901BLE68(B2C0FB98454F)	1.010	0.480	0.047	93.079	34.485	12.878	85.30	-68.85	146.65	-35.182	-24.598	15.190	0.12512	-0.58820	-0.37067	-0.70770	23.3	13111	100
2024-11-4 13:36:58.469	WT901BLE68(B2C0FB98454F)	1.075	0.269	-0.057	72.083	75.928	46.936	78.58	-70.63	163.52	-35.182	-24.598	15.190	0.12512	-0.58820	-0.37067	-0.70770	23.3	13111	100
2024-11-4 13:36:58.544	WT901BLE68(B2C0FB98454F)	0.774	-0.036	0.061	-24.170	75.989	124.573	35.64	-75.33	-147.22	-35.182	-24.598	15.190	0.44141	-0.49716	-0.35672	-0.65622	23.3	13111	100
2024-11-4 13:36:58.635	WT901BLE68(B2C0FB98454F)	0.838	-0.037	0.140	46.326	13.916	22.827	-0.13	-74.12	-109.11	-35.182	-24.598	15.190	0.44141	-0.49716	-0.35672	-0.65622	23.3	13111	100
2024-11-4 13:36:58.761	WT901BLE68(B2C0FB98454F)	1.422	-0.010	0.085	120.544	-57.495	-33.997	9.77	-76.21	-111.56	-45.668	-7.056	13.622	0.44141	-0.49716	-0.35672	-0.65622	23.3	13111	100
2024-11-4 13:36:58.815	WT901BLE68(B2C0FB98454F)	1.023	0.276	0.307	115.723	-63.843	-55.786	56.53	-78.74	-146.10	-45.668	-7.056	13.622	0.44141	-0.49716	-0.35672	-0.65622	23.3	13111	100
2024-11-4 13:36:58.934	WT901BLE68(B2C0FB98454F)	0.989	-0.334	-0.221	-61.462	56.152	81.360	74.40	-77.09	-156.01	-45.668	-7.056	13.622	0.49472	-0.42395	-0.54639	-0.52618	23.3	13111	100
