time	DeviceName	AccX(g)	AccY(g)	AccZ(g)	AsX(°/s)	AsY(°/s)	AsZ(°/s)	AngleX(°)	AngleY(°)	AngleZ(°)	HX(uT)	HY(uT)	HZ(uT)	Q0()	Q1()	Q2()	Q3()	Temperature(°C)	Version()	Battery level(%)
2024-11-3 15:39:10.995	WT901BLE68(B2C0FB98454F)	-0.954	0.316	0.087	-2.686	-2.808	0.183	73.01	71.39	-102.91	36.456	-29.988	-4.802	0.13406	0.66794	-0.09198	-0.72617	24.9	13111	100
2024-11-3 15:39:11.55	WT901BLE68(B2C0FB98454F)	-0.930	0.280	0.103	-7.324	1.343	7.019	72.42	71.09	-102.96	36.162	-30.184	-5.390	0.13406	0.66794	-0.09198	-0.72617	24.9	13111	100
2024-11-3 15:39:11.175	WT901BLE68(B2C0FB98454F)	-0.869	0.313	0.195	-8.057	-4.456	17.395	72.32	70.25	-101.89	36.162	-30.184	-5.390	0.13406	0.66794	-0.09198	-0.72617	24.9	13111	100
2024-11-3 15:39:11.267	WT901BLE68(B2C0FB98454F)	-0.879	0.297	0.167	-10.376	-5.554	24.719	71.14	68.14	-102.32	36.162	-30.184	-5.390	0.17868	0.65356	-0.10022	-0.72855	24.9	13111	100
2024-11-3 15:39:11.384	WT901BLE68(B2C0FB98454F)	-1.083	0.340	0.123	-1.526	1.221	20.569	71.49	66.13	-101.13	36.162	-30.184	-5.390	0.17868	0.65356	-0.10022	-0.72855	24.9	13111	100
2024-11-3 15:39:11.476	WT901BLE68(B2C0FB98454F)	-0.802	0.460	0.256	-0.916	-18.677	36.621	72.28	63.71	-100.59	30.282	-35.378	-7.448	0.17868	0.65356	-0.10022	-0.72855	24.9	13111	100
2024-11-3 15:39:11.595	WT901BLE68(B2C0FB98454F)	-0.811	0.418	0.153	18.616	-40.833	15.625	69.41	59.94	-106.33	30.282	-35.378	-7.448	0.17868	0.65356	-0.10022	-0.72855	24.9	13111	100
2024-11-3 15:39:11.685	WT901BLE68(B2C0FB98454F)	-0.869	0.344	0.242	-24.048	13.611	-21.545	65.47	60.39	-108.38	30.282	-35.378	-7.448	0.20197	0.62323	-0.12125	-0.74564	24.9	13111	100
2024-11-3 15:39:11.805	WT901BLE68(B2C0FB98454F)	-0.777	0.556	0.349	-22.461	9.338	6.653	65.33	62.20	-106.66	30.282	-35.378	-7.448	0.20197	0.62323	-0.12125	-0.74564	24.9	13111	100
2024-11-3 15:39:11.872	WT901BLE68(B2C0FB98454F)	-1.370	0.710	-0.158	-4.333	30.396	22.095	65.20	60.81	-105.35	29.106	-35.672	-9.604	0.20197	0.62323	-0.12125	-0.74564	24.9	13111	100
2024-11-3 15:39:11.985	WT901BLE68(B2C0FB98454F)	-0.827	-0.006	0.049	-7.874	-0.854	11.108	73.49	58.88	-89.59	29.106	-35.672	-9.604	0.20197	0.62323	-0.12125	-0.74564	24.9	13111	100
2024-11-3 15:39:12.75	WT901BLE68(B2C0FB98454F)	-0.731	0.563	0.069	6.836	11.169	-0.549	75.38	58.42	-87.47	29.106	-35.672	-9.604	0.29230	0.65848	-0.09100	-0.68744	24.9	13111	100
2024-11-3 15:39:12.196	WT901BLE68(B2C0FB98454F)	-0.812	0.528	0.121	6.836	4.089	-7.141	77.06	59.13	-85.37	29.106	-35.672	-9.604	0.29230	0.65848	-0.09100	-0.68744	24.9	13111	100
2024-11-3 15:39:12.285	WT901BLE68(B2C0FB98454F)	-0.853	0.619	0.073	-7.568	3.479	-6.042	77.68	59.40	-84.37	29.008	-35.672	-9.114	0.29230	0.65848	-0.09100	-0.68744	24.9	13111	100
2024-11-3 15:39:12.405	WT901BLE68(B2C0FB98454F)	-0.910	0.510	0.040	3.479	-20.569	1.221	75.89	59.27	-85.24	29.008	-35.672	-9.114	0.29230	0.65848	-0.09100	-0.68744	24.9	13111	100
2024-11-3 15:39:12.472	WT901BLE68(B2C0FB98454F)	-0.813	0.444	0.122	27.832	-21.851	5.981	73.55	58.21	-89.11	29.008	-35.672	-9.114	0.28256	0.64011	-0.10815	-0.70612	24.9	13111	100
2024-11-3 15:39:12.585	WT901BLE68(B2C0FB98454F)	-0.828	0.490	0.296	-0.793	-16.907	-1.282	71.85	57.76	-92.96	29.008	-35.672	-9.114	0.28256	0.64011	-0.10815	-0.70612	24.9	13111	100
2024-11-3 15:39:12.676	WT901BLE68(B2C0FB98454F)	-0.729	0.676	0.395	-1.770	-12.573	-5.859	69.86	57.79	-96.24	27.930	-35.770	-10.388	0.28256	0.64011	-0.10815	-0.70612	24.9	13111	100
2024-11-3 15:39:12.796	WT901BLE68(B2C0FB98454F)	-1.030	0.468	0.174	5.981	11.597	-27.588	68.09	58.53	-99.36	27.930	-35.770	-10.388	0.28256	0.64011	-0.10815	-0.70612	24.9	13111	100
2024-11-3 15:39:12.885	WT901BLE68(B2C0FB98454F)	-0.264	0.674	0.180	-21.667	-2.808	-74.829	66.75	64.17	-100.60	27.930	-35.770	-10.388	0.21359	0.63632	-0.06091	-0.73868	24.9	13111	100
2024-11-3 15:39:13.6	WT901BLE68(B2C0FB98454F)	-0.521	-0.057	0.177	-12.939	10.254	11.597	63.21	66.38	-103.26	27.930	-35.770	-10.388	0.21359	0.63632	-0.06091	-0.73868	24.9	13111	100
2024-11-3 15:39:13.96	WT901BLE68(B2C0FB98454F)	-0.934	0.103	0.099	14.709	-46.143	30.396	61.63	63.55	-105.17	28.812	-34.202	-12.348	0.21359	0.63632	-0.06091	-0.73868	24.9	13111	100
2024-11-3 15:39:13.245	WT901BLE68(B2C0FB98454F)	-0.631	0.543	0.231	21.790	-67.932	35.156	59.61	53.57	-111.09	28.812	-34.202	-12.348	0.21359	0.63632	-0.06091	-0.73868	24.9	13111	100
2024-11-3 15:39:13.275	WT901BLE68(B2C0FB98454F)	-0.386	0.374	0.108	-47.668	-39.490	43.396	55.60	47.55	-113.55	28.812	-34.202	-12.348	0.32800	0.49237	-0.18265	-0.78519	24.9	13111	100
2024-11-3 15:39:13.397	WT901BLE68(B2C0FB98454F)	-0.485	0.357	0.269	25.330	-61.096	72.205	53.38	39.93	-113.37	28.812	-34.202	-12.348	0.32800	0.49237	-0.18265	-0.78519	24.9	13111	100
2024-11-3 15:39:13.516	WT901BLE68(B2C0FB98454F)	-0.223	0.227	0.673	-23.438	-78.918	83.923	51.57	29.19	-111.52	-0.588	-40.180	-21.658	0.32800	0.49237	-0.18265	-0.78519	24.9	13111	100
2024-11-3 15:39:13.606	WT901BLE68(B2C0FB98454F)	0.075	0.861	0.590	-21.118	-70.984	96.497	52.99	16.85	-112.42	-0.588	-40.180	-21.658	0.32800	0.49237	-0.18265	-0.78519	24.9	13111	100
2024-11-3 15:39:13.726	WT901BLE68(B2C0FB98454F)	0.245	0.845	0.628	-37.109	-62.256	89.478	51.09	5.30	-112.25	-0.588	-40.180	-21.658	0.52243	0.22079	-0.35239	-0.74432	24.9	13111	100
2024-11-3 15:39:13.817	WT901BLE68(B2C0FB98454F)	0.352	0.775	0.765	-58.411	-48.340	66.833	47.31	-4.00	-110.57	-0.588	-40.180	-21.658	0.52243	0.22079	-0.35239	-0.74432	24.9	13111	100
2024-11-3 15:39:13.906	WT901BLE68(B2C0FB98454F)	0.415	0.806	0.953	-26.855	-27.100	20.996	43.18	-10.15	-110.41	-25.872	-30.478	-23.422	0.52243	0.22079	-0.35239	-0.74432	24.9	13111	100
2024-11-3 15:39:13.996	WT901BLE68(B2C0FB98454F)	0.288	0.931	0.997	18.860	27.832	-20.630	43.19	-10.78	-110.56	-25.872	-30.478	-23.422	0.52243	0.22079	-0.35239	-0.74432	24.9	13111	100
2024-11-3 15:39:14.85	WT901BLE68(B2C0FB98454F)	-0.005	0.850	0.815	41.382	77.148	-61.523	45.71	-4.59	-109.92	-25.872	-30.478	-23.422	0.50778	0.27396	-0.32333	-0.74997	24.9	13111	100
2024-11-3 15:39:14.234	WT901BLE68(B2C0FB98454F)	-0.315	0.800	0.743	58.838	90.027	-90.820	49.93	6.31	-109.65	-25.872	-30.478	-23.422	0.50778	0.27396	-0.32333	-0.74997	24.9	13111	100
2024-11-3 15:39:14.296	WT901BLE68(B2C0FB98454F)	-0.364	0.852	0.535	45.410	76.111	-128.845	55.09	19.81	-111.86	4.410	-41.062	-19.502	0.50778	0.27396	-0.32333	-0.74997	24.9	13111	100
2024-11-3 15:39:14.416	WT901BLE68(B2C0FB98454F)	-0.593	0.604	0.281	34.973	100.464	-132.996	58.16	34.89	-114.26	4.410	-41.062	-19.502	0.50778	0.27396	-0.32333	-0.74997	24.9	13111	100
2024-11-3 15:39:14.506	WT901BLE68(B2C0FB98454F)	-0.766	0.187	0.158	22.583	85.693	-113.281	62.03	49.21	-112.74	4.410	-41.062	-19.502	0.18796	0.60110	-0.17145	-0.75751	24.9	13111	100
2024-11-3 15:39:14.626	WT901BLE68(B2C0FB98454F)	-1.007	0.559	0.099	12.451	48.645	-80.750	66.18	60.71	-112.67	4.410	-41.062	-19.502	0.18796	0.60110	-0.17145	-0.75751	24.9	13111	100
2024-11-3 15:39:14.716	WT901BLE68(B2C0FB98454F)	-0.990	0.247	0.167	0.305	20.203	-16.479	66.54	65.30	-111.53	33.810	-31.360	-6.762	0.18796	0.60110	-0.17145	-0.75751	24.9	13111	100
2024-11-3 15:39:14.806	WT901BLE68(B2C0FB98454F)	-0.904	0.312	0.087	11.353	-22.461	21.729	65.66	65.27	-113.02	33.810	-31.360	-6.762	0.18796	0.60110	-0.17145	-0.75751	24.9	13111	100
2024-11-3 15:39:14.896	WT901BLE68(B2C0FB98454F)	-0.575	0.343	0.337	-25.391	-62.866	81.909	62.09	58.63	-117.78	33.810	-31.360	-6.762	0.23026	0.51575	-0.20120	-0.80023	24.9	13111	100
2024-11-3 15:39:15.136	WT901BLE68(B2C0FB98454F)	-0.354	0.436	0.067	-4.944	-102.295	69.885	54.47	46.98	-122.42	33.810	-31.360	-6.762	0.23026	0.51575	-0.20120	-0.80023	24.9	13111	100
2024-11-3 15:39:15.137	WT901BLE68(B2C0FB98454F)	-0.441	0.729	0.357	-30.151	-81.543	89.172	48.65	35.92	-122.74	33.810	-31.360	-6.762	0.23026	0.51575	-0.20120	-0.80023	24.9	13111	100
2024-11-3 15:39:15.226	WT901BLE68(B2C0FB98454F)	-0.152	0.850	0.577	45.532	-77.148	125.305	50.45	24.14	-119.46	-1.274	-40.180	-21.756	0.23026	0.51575	-0.20120	-0.80023	24.9	13111	100
2024-11-3 15:39:15.285	WT901BLE68(B2C0FB98454F)	0.080	0.799	0.595	8.301	-81.116	107.239	50.53	11.59	-117.55	-1.274	-40.180	-21.756	0.47003	0.23508	-0.34036	-0.77966	24.9	13111	100
2024-11-3 15:39:15.436	WT901BLE68(B2C0FB98454F)	0.371	0.828	0.815	-38.025	-66.467	73.303	47.48	1.14	-116.56	-1.274	-40.180	-21.756	0.47003	0.23508	-0.34036	-0.77966	24.9	13111	100
2024-11-3 15:39:15.525	WT901BLE68(B2C0FB98454F)	0.349	0.961	0.839	-19.836	-32.104	41.077	44.74	-6.02	-116.45	-22.442	-33.516	-22.638	0.47003	0.23508	-0.34036	-0.77966	24.9	13111	100
2024-11-3 15:39:15.647	WT901BLE68(B2C0FB98454F)	0.140	1.022	1.010	17.700	34.668	-11.902	45.55	-6.65	-114.88	-22.442	-33.516	-22.638	0.47003	0.23508	-0.34036	-0.77966	24.9	13111	100
2024-11-3 15:39:15.737	WT901BLE68(B2C0FB98454F)	-0.069	0.890	0.858	27.405	78.308	-75.500	47.91	0.62	-114.26	-22.442	-33.516	-22.638	0.47003	0.23508	-0.34036	-0.77966	24.9	13111	100
2024-11-3 15:39:15.827	WT901BLE68(B2C0FB98454F)	-0.437	0.835	0.658	43.945	77.332	-119.263	51.77	12.91	-116.13	-22.442	-33.516	-22.638	0.43088	0.31512	-0.32050	-0.78244	24.9	13111	100
2024-11-3 15:39:15.917	WT901BLE68(B2C0FB98454F)	-0.417	0.697	0.423	10.132	79.712	-140.015	53.87	27.13	-119.87	12.054	-40.180	-18.522	0.43088	0.31512	-0.32050	-0.78244	24.9	13111	100
2024-11-3 15:39:16.35	WT901BLE68(B2C0FB98454F)	-0.719	0.334	0.226	2.136	122.559	-137.939	54.65	43.51	-122.32	12.054	-40.180	-18.522	0.43088	0.31512	-0.32050	-0.78244	24.9	13111	100
2024-11-3 15:39:16.97	WT901BLE68(B2C0FB98454F)	-0.909	0.173	0.303	3.296	93.567	-87.524	62.09	57.93	-116.25	12.054	-40.180	-18.522	0.13373	0.61832	-0.15323	-0.75909	24.9	13111	100
2024-11-3 15:39:16.216	WT901BLE68(B2C0FB98454F)	-0.993	0.455	-0.005	53.284	1.709	-29.358	64.34	64.77	-117.58	12.054	-40.180	-18.522	0.13373	0.61832	-0.15323	-0.75909	24.9	13111	100
2024-11-3 15:39:16.306	WT901BLE68(B2C0FB98454F)	-0.937	0.226	0.156	-4.639	4.761	10.681	66.64	65.48	-115.99	33.124	-32.242	-5.782	0.13373	0.61832	-0.15323	-0.75909	24.9	13111	100
2024-11-3 15:39:16.426	WT901BLE68(B2C0FB98454F)	-0.769	0.337	0.091	39.307	-51.331	46.143	65.81	62.70	-118.71	33.124	-32.242	-5.782	0.13373	0.61832	-0.15323	-0.75909	24.9	13111	100
2024-11-3 15:39:16.516	WT901BLE68(B2C0FB98454F)	-0.713	0.362	0.208	-56.152	-21.362	70.557	62.69	56.25	-121.00	33.124	-32.242	-5.782	0.13373	0.61832	-0.15323	-0.75909	24.9	13111	100
2024-11-3 15:39:16.756	WT901BLE68(B2C0FB98454F)	-0.638	0.157	0.126	-17.334	-106.689	56.030	51.20	45.32	-124.75	33.124	-32.242	-5.782	0.23886	0.48761	-0.19962	-0.81561	24.9	13111	100
2024-11-3 15:39:16.757	WT901BLE68(B2C0FB98454F)	-0.436	0.417	0.243	-62.866	-74.951	117.920	49.95	33.93	-125.34	33.124	-32.242	-5.782	0.23886	0.48761	-0.19962	-0.81561	24.9	13111	100
2024-11-3 15:39:16.816	WT901BLE68(B2C0FB98454F)	0.059	0.728	0.607	40.405	-69.336	124.268	51.59	21.57	-121.88	-3.626	-40.866	-20.384	0.23886	0.48761	-0.19962	-0.81561	24.9	13111	100
2024-11-3 15:39:16.906	WT901BLE68(B2C0FB98454F)	0.149	0.832	0.574	-16.113	-66.956	96.863	51.27	9.58	-119.58	-3.626	-40.866	-20.384	0.23886	0.48761	-0.19962	-0.81561	24.9	13111	100
2024-11-3 15:39:17.26	WT901BLE68(B2C0FB98454F)	0.273	1.023	0.726	-25.024	-43.396	82.397	49.14	-0.80	-117.14	-3.626	-40.866	-20.384	0.48660	0.19943	-0.36649	-0.76746	24.9	13111	100
2024-11-3 15:39:17.116	WT901BLE68(B2C0FB98454F)	0.442	0.988	0.900	-16.541	-19.897	37.964	47.50	-7.47	-114.82	-3.626	-40.866	-20.384	0.48660	0.19943	-0.36649	-0.76746	24.9	13111	100
2024-11-3 15:39:17.266	WT901BLE68(B2C0FB98454F)	0.248	1.044	0.847	14.893	23.621	-19.592	47.37	-8.19	-114.24	-23.716	-33.614	-21.168	0.48660	0.19943	-0.36649	-0.76746	24.9	13111	100
2024-11-3 15:39:17.385	WT901BLE68(B2C0FB98454F)	-0.083	0.890	0.801	21.057	68.665	-75.195	48.85	-1.53	-113.64	-23.716	-33.614	-21.168	0.48660	0.19943	-0.36649	-0.76746	24.9	13111	100
2024-11-3 15:39:17.446	WT901BLE68(B2C0FB98454F)	-0.352	0.805	0.690	52.612	64.148	-123.352	52.27	10.08	-115.50	-23.716	-33.614	-21.168	0.43524	0.30936	-0.33316	-0.77701	24.9	13111	100
2024-11-3 15:39:17.505	WT901BLE68(B2C0FB98454F)	-0.417	0.863	0.457	17.090	57.556	-137.878	54.66	23.57	-120.27	-23.716	-33.614	-21.168	0.43524	0.30936	-0.33316	-0.77701	24.9	13111	100
2024-11-3 15:39:17.626	WT901BLE68(B2C0FB98454F)	-0.510	0.508	0.180	19.409	101.685	-142.578	54.89	39.13	-123.25	14.308	-40.082	-17.248	0.43524	0.30936	-0.33316	-0.77701	24.9	13111	100
2024-11-3 15:39:17.716	WT901BLE68(B2C0FB98454F)	-1.098	0.123	0.197	4.456	126.099	-96.619	59.78	54.96	-119.08	14.308	-40.082	-17.248	0.43524	0.30936	-0.33316	-0.77701	24.9	13111	100
2024-11-3 15:39:17.836	WT901BLE68(B2C0FB98454F)	-0.958	0.319	0.264	17.151	16.479	-40.894	65.23	64.12	-115.18	14.308	-40.082	-17.248	0.12933	0.62369	-0.15393	-0.75531	24.9	13111	100
2024-11-3 15:39:17.926	WT901BLE68(B2C0FB98454F)	-0.969	0.381	0.100	-0.671	-2.319	6.226	66.40	64.88	-116.71	14.308	-40.082	-17.248	0.12933	0.62369	-0.15393	-0.75531	24.9	13111	100
2024-11-3 15:39:18.46	WT901BLE68(B2C0FB98454F)	-0.860	0.280	0.085	-7.141	-6.714	15.747	65.87	64.15	-115.74	32.928	-32.536	-6.762	0.12933	0.62369	-0.15393	-0.75531	24.9	13111	100
2024-11-3 15:39:18.106	WT901BLE68(B2C0FB98454F)	-0.918	0.287	0.089	-36.560	-31.311	53.894	64.00	59.82	-117.26	32.928	-32.536	-6.762	0.12933	0.62369	-0.15393	-0.75531	24.9	13111	100
2024-11-3 15:39:18.226	WT901BLE68(B2C0FB98454F)	-0.483	-0.121	0.110	-100.342	-109.436	84.900	55.01	49.80	-120.33	32.928	-32.536	-6.762	0.23657	0.52179	-0.18518	-0.79834	24.9	13111	100
2024-11-3 15:39:18.376	WT901BLE68(B2C0FB98454F)	-0.426	0.818	0.074	57.373	-125.916	110.168	50.83	35.93	-125.72	32.928	-32.536	-6.762	0.23657	0.52179	-0.18518	-0.79834	24.9	13111	100
2024-11-3 15:39:18.435	WT901BLE68(B2C0FB98454F)	-0.017	0.399	0.626	-27.954	-74.951	110.779	47.92	23.16	-123.47	-4.116	-40.082	-21.364	0.23657	0.52179	-0.18518	-0.79834	24.9	13111	100
2024-11-3 15:39:18.525	WT901BLE68(B2C0FB98454F)	0.200	0.723	0.744	-36.499	-66.956	102.112	49.67	9.24	-120.25	-4.116	-40.082	-21.364	0.23657	0.52179	-0.18518	-0.79834	24.9	13111	100
2024-11-3 15:39:18.675	WT901BLE68(B2C0FB98454F)	0.401	0.847	0.830	-21.851	-66.833	78.125	47.14	-2.32	-118.45	-4.116	-40.082	-21.364	0.48615	0.16626	-0.36597	-0.77588	24.9	13111	100
2024-11-3 15:39:18.736	WT901BLE68(B2C0FB98454F)	0.491	0.968	0.909	1.953	-23.987	36.865	45.18	-10.09	-117.71	-4.116	-40.082	-21.364	0.48615	0.16626	-0.36597	-0.77588	24.9	13111	100
2024-11-3 15:39:18.886	WT901BLE68(B2C0FB98454F)	0.293	1.028	0.916	12.085	36.926	-31.616	45.92	-10.45	-116.61	-25.382	-32.732	-20.972	0.48615	0.16626	-0.36597	-0.77588	24.9	13111	100
2024-11-3 15:39:19.6	WT901BLE68(B2C0FB98454F)	-0.208	0.867	0.747	23.315	94.727	-81.604	47.41	-2.62	-116.21	-25.382	-32.732	-20.972	0.48615	0.16626	-0.36597	-0.77588	24.9	13111	100
2024-11-3 15:39:19.36	WT901BLE68(B2C0FB98454F)	-0.441	0.827	0.658	61.157	71.411	-129.150	51.57	9.94	-116.89	-25.382	-32.732	-20.972	0.42365	0.30762	-0.33218	-0.78448	24.9	13111	100
2024-11-3 15:39:19.126	WT901BLE68(B2C0FB98454F)	-0.334	0.771	0.363	18.921	74.036	-147.278	54.89	24.22	-120.89	-25.382	-32.732	-20.972	0.42365	0.30762	-0.33218	-0.78448	24.9	13111	100
2024-11-3 15:39:19.246	WT901BLE68(B2C0FB98454F)	-0.590	0.463	0.200	12.085	113.342	-154.175	56.70	40.87	-122.15	16.464	-39.886	-15.680	0.42365	0.30762	-0.33218	-0.78448	24.9	13111	100
2024-11-3 15:39:19.336	WT901BLE68(B2C0FB98454F)	-1.042	0.179	0.275	17.273	117.310	-97.107	63.02	56.55	-116.69	16.464	-39.886	-15.680	0.42365	0.30762	-0.33218	-0.78448	24.9	13111	100
2024-11-3 15:39:19.456	WT901BLE68(B2C0FB98454F)	-0.917	0.361	0.130	14.282	9.094	-23.682	66.55	63.97	-114.36	16.464	-39.886	-15.680	0.13123	0.62524	-0.16095	-0.75223	24.9	13111	100
2024-11-3 15:39:19.515	WT901BLE68(B2C0FB98454F)	-0.979	0.274	0.081	-3.967	-5.554	10.315	66.64	63.70	-115.24	16.464	-39.886	-15.680	0.13123	0.62524	-0.16095	-0.75223	24.9	13111	100
2024-11-3 15:39:19.636	WT901BLE68(B2C0FB98454F)	-0.527	0.348	0.189	15.625	-41.199	32.410	65.96	61.38	-117.01	31.850	-33.516	-6.664	0.13123	0.62524	-0.16095	-0.75223	24.9	13111	100
2024-11-3 15:39:19.726	WT901BLE68(B2C0FB98454F)	-0.587	0.561	0.302	-55.176	-80.017	99.365	60.42	53.98	-121.49	31.850	-33.516	-6.664	0.13123	0.62524	-0.16095	-0.75223	24.9	13111	100
2024-11-3 15:39:19.846	WT901BLE68(B2C0FB98454F)	-0.553	0.356	-0.054	29.541	-86.182	63.721	53.09	41.58	-125.55	31.850	-33.516	-6.664	0.24677	0.45895	-0.24432	-0.81772	24.9	13111	100
2024-11-3 15:39:19.996	WT901BLE68(B2C0FB98454F)	-0.124	0.757	0.312	-60.852	-54.199	115.540	52.09	29.65	-124.43	31.850	-33.516	-6.664	0.24677	0.45895	-0.24432	-0.81772	24.9	13111	100
2024-11-3 15:39:20.55	WT901BLE68(B2C0FB98454F)	-0.063	0.894	0.473	14.221	-86.121	111.511	51.97	16.48	-122.62	-3.822	-40.866	-20.482	0.24677	0.45895	-0.24432	-0.81772	24.9	13111	100
2024-11-3 15:39:20.115	WT901BLE68(B2C0FB98454F)	0.415	0.830	0.555	-12.024	-51.819	111.633	50.03	4.88	-119.35	-3.822	-40.866	-20.482	0.24677	0.45895	-0.24432	-0.81772	24.9	13111	100
2024-11-3 15:39:20.264	WT901BLE68(B2C0FB98454F)	0.561	0.907	0.805	-33.325	-57.556	64.636	47.53	-5.43	-117.83	-3.822	-40.866	-20.482	0.49756	0.14465	-0.37686	-0.76773	24.9	13111	100
2024-11-3 15:39:20.326	WT901BLE68(B2C0FB98454F)	0.274	1.107	0.893	-0.183	7.874	20.935	46.13	-10.85	-117.63	-3.822	-40.866	-20.482	0.49756	0.14465	-0.37686	-0.76773	24.9	13111	100
2024-11-3 15:39:20.446	WT901BLE68(B2C0FB98454F)	0.146	0.984	0.956	16.846	59.998	-49.500	47.42	-7.41	-115.26	-21.560	-34.594	-21.854	0.49756	0.14465	-0.37686	-0.76773	24.9	13111	100
2024-11-3 15:39:20.565	WT901BLE68(B2C0FB98454F)	-0.341	0.932	0.702	36.804	92.163	-91.309	49.84	2.91	-115.01	-21.560	-34.594	-21.854	0.49756	0.14465	-0.37686	-0.76773	24.9	13111	100
2024-11-3 15:39:20.655	WT901BLE68(B2C0FB98454F)	-0.467	0.952	0.565	37.170	64.453	-136.963	54.12	16.21	-117.59	-21.560	-34.594	-21.854	0.37933	0.36160	-0.31598	-0.79080	24.9	13111	100
2024-11-3 15:39:20.745	WT901BLE68(B2C0FB98454F)	-0.337	0.656	0.208	12.451	90.393	-148.865	55.14	31.45	-120.45	-21.560	-34.594	-21.854	0.37933	0.36160	-0.31598	-0.79080	24.9	13111	100
2024-11-3 15:39:20.867	WT901BLE68(B2C0FB98454F)	-0.883	0.162	0.238	-2.808	135.010	-129.333	58.92	49.19	-116.40	23.324	-37.436	-13.426	0.37933	0.36160	-0.31598	-0.79080	24.9	13111	100
2024-11-3 15:39:20.926	WT901BLE68(B2C0FB98454F)	-1.046	0.313	0.274	36.194	48.828	-71.777	68.68	61.27	-110.56	23.324	-37.436	-13.426	0.37933	0.36160	-0.31598	-0.79080	24.9	13111	100
2024-11-3 15:39:21.46	WT901BLE68(B2C0FB98454F)	-1.006	0.308	-0.071	-4.822	3.662	0.305	64.29	62.76	-115.55	23.324	-37.436	-13.426	0.15463	0.61667	-0.15015	-0.75705	24.9	13111	100
2024-11-3 15:39:21.135	WT901BLE68(B2C0FB98454F)	-0.845	0.262	0.150	2.075	-2.930	9.949	65.00	63.19	-112.78	23.324	-37.436	-13.426	0.15463	0.61667	-0.15015	-0.75705	24.9	13111	100
2024-11-3 15:39:21.255	WT901BLE68(B2C0FB98454F)	-0.599	0.445	0.155	7.996	-58.777	39.734	63.57	60.08	-116.57	30.086	-34.790	-7.546	0.15463	0.61667	-0.15015	-0.75705	24.9	13111	100
2024-11-3 15:39:21.345	WT901BLE68(B2C0FB98454F)	-0.598	0.299	0.246	-68.298	-84.290	93.994	57.95	51.04	-120.22	30.086	-34.790	-7.546	0.15463	0.61667	-0.15015	-0.75705	24.9	13111	100
2024-11-3 15:39:21.555	WT901BLE68(B2C0FB98454F)	-0.732	0.595	-0.032	-13.489	-79.529	93.079	50.97	39.72	-123.98	30.086	-34.790	-7.546	0.28644	0.43527	-0.23242	-0.82120	24.9	13111	100
2024-11-3 15:39:21.557	WT901BLE68(B2C0FB98454F)	-0.188	0.455	0.261	-41.748	-61.768	118.958	49.26	28.30	-121.79	30.086	-34.790	-7.546	0.28644	0.43527	-0.23242	-0.82120	24.9	13111	100
2024-11-3 15:39:21.676	WT901BLE68(B2C0FB98454F)	0.084	0.958	0.550	3.174	-80.688	119.629	50.44	15.44	-120.06	-5.194	-40.474	-20.874	0.28644	0.43527	-0.23242	-0.82120	24.9	13111	100
2024-11-3 15:39:21.736	WT901BLE68(B2C0FB98454F)	0.232	0.864	0.658	2.319	-41.870	117.432	50.23	3.40	-116.69	-5.194	-40.474	-20.874	0.28644	0.43527	-0.23242	-0.82120	24.9	13111	100
2024-11-3 15:39:21.855	WT901BLE68(B2C0FB98454F)	0.504	0.869	0.900	-28.748	-43.518	59.387	48.03	-6.07	-114.27	-5.194	-40.474	-20.874	0.52167	0.15704	-0.37839	-0.74826	24.9	13111	100
2024-11-3 15:39:21.944	WT901BLE68(B2C0FB98454F)	0.260	1.002	0.850	-0.793	9.583	7.324	46.61	-10.01	-113.98	-5.194	-40.474	-20.874	0.52167	0.15704	-0.37839	-0.74826	24.9	13111	100
2024-11-3 15:39:22.155	WT901BLE68(B2C0FB98454F)	0.001	0.942	0.866	14.221	56.763	-64.026	47.53	-5.92	-113.14	-21.756	-34.692	-21.462	0.52167	0.15704	-0.37839	-0.74826	24.9	13111	100
2024-11-3 15:39:22.156	WT901BLE68(B2C0FB98454F)	-0.328	0.800	0.751	46.204	70.679	-109.314	50.15	4.61	-114.36	-21.756	-34.692	-21.462	0.52167	0.15704	-0.37839	-0.74826	24.9	13111	100
2024-11-3 15:39:22.275	WT901BLE68(B2C0FB98454F)	-0.311	0.874	0.484	22.400	62.378	-138.123	53.55	17.84	-118.39	-21.756	-34.692	-21.462	0.36111	0.37485	-0.30087	-0.79901	24.9	13111	100
2024-11-3 15:39:22.335	WT901BLE68(B2C0FB98454F)	-0.387	0.624	0.118	10.254	105.347	-145.386	54.57	33.14	-120.69	-21.756	-34.692	-21.462	0.36111	0.37485	-0.30087	-0.79901	24.9	13111	100
2024-11-3 15:39:22.455	WT901BLE68(B2C0FB98454F)	-1.059	0.269	0.126	9.644	154.480	-110.535	59.91	50.29	-116.15	24.990	-37.044	-11.858	0.36111	0.37485	-0.30087	-0.79901	24.9	13111	100
2024-11-3 15:39:22.545	WT901BLE68(B2C0FB98454F)	-0.885	0.253	0.328	-5.676	67.871	-76.843	67.96	62.86	-108.36	24.990	-37.044	-11.858	0.36111	0.37485	-0.30087	-0.79901	24.9	13111	100
2024-11-3 15:39:22.666	WT901BLE68(B2C0FB98454F)	-0.972	0.469	-0.011	16.479	-23.071	19.104	69.03	65.36	-108.90	24.990	-37.044	-11.858	0.15372	0.63458	-0.14209	-0.74390	24.9	13111	100
2024-11-3 15:39:22.755	WT901BLE68(B2C0FB98454F)	-0.924	0.320	0.045	3.906	-5.981	10.315	69.20	64.43	-109.05	24.990	-37.044	-11.858	0.15372	0.63458	-0.14209	-0.74390	24.9	13111	100
2024-11-3 15:39:22.876	WT901BLE68(B2C0FB98454F)	-0.639	0.476	0.178	4.883	-42.053	38.147	67.99	61.32	-112.21	29.792	-34.888	-7.644	0.15372	0.63458	-0.14209	-0.74390	24.9	13111	100
2024-11-3 15:39:22.936	WT901BLE68(B2C0FB98454F)	-0.670	0.451	0.246	-93.750	-86.609	80.505	59.05	53.02	-117.90	29.792	-34.888	-7.644	0.15372	0.63458	-0.14209	-0.74390	24.9	13111	100
2024-11-3 15:39:23.84	WT901BLE68(B2C0FB98454F)	-0.284	0.298	0.469	40.649	-107.666	71.838	52.67	40.44	-121.44	29.792	-34.888	-7.644	0.29477	0.44406	-0.23895	-0.81161	24.9	13111	100
2024-11-3 15:39:23.174	WT901BLE68(B2C0FB98454F)	-0.161	0.609	0.424	-20.691	-68.970	89.661	50.33	29.35	-121.56	29.792	-34.888	-7.644	0.29477	0.44406	-0.23895	-0.81161	24.9	13111	100
2024-11-3 15:39:23.295	WT901BLE68(B2C0FB98454F)	-0.042	0.814	0.527	26.917	-85.571	110.107	50.88	16.26	-119.95	-5.586	-40.180	-21.168	0.29477	0.44406	-0.23895	-0.81161	24.9	13111	100
2024-11-3 15:39:23.385	WT901BLE68(B2C0FB98454F)	0.225	0.986	0.621	21.301	-79.956	116.272	51.13	3.49	-117.74	-5.586	-40.180	-21.168	0.29477	0.44406	-0.23895	-0.81161	24.9	13111	100
2024-11-3 15:39:23.474	WT901BLE68(B2C0FB98454F)	0.542	0.934	0.718	-13.367	-62.134	76.355	47.24	-6.34	-116.38	-5.586	-40.180	-21.168	0.51645	0.13535	-0.37607	-0.75723	24.9	13111	100
2024-11-3 15:39:23.565	WT901BLE68(B2C0FB98454F)	0.315	0.992	0.917	8.972	14.160	16.541	45.62	-11.73	-115.12	-5.586	-40.180	-21.168	0.51645	0.13535	-0.37607	-0.75723	24.9	13111	100
2024-11-3 15:39:23.744	WT901BLE68(B2C0FB98454F)	0.121	0.880	0.896	14.404	58.105	-67.749	46.71	-8.06	-113.82	-22.932	-33.810	-21.658	0.51645	0.13535	-0.37607	-0.75723	24.9	13111	100
2024-11-3 15:39:23.745	WT901BLE68(B2C0FB98454F)	-0.269	0.846	0.696	50.903	75.928	-106.323	49.41	2.32	-114.98	-22.932	-33.810	-21.658	0.51645	0.13535	-0.37607	-0.75723	24.9	13111	100
2024-11-3 15:39:23.866	WT901BLE68(B2C0FB98454F)	-0.423	0.916	0.534	43.335	61.584	-139.038	53.67	15.30	-118.19	-22.932	-33.810	-21.658	0.33878	0.39236	-0.29578	-0.80231	24.9	13111	100
2024-11-3 15:39:23.954	WT901BLE68(B2C0FB98454F)	-0.378	0.548	0.178	13.611	104.309	-151.306	54.76	30.82	-121.25	-22.932	-33.810	-21.658	0.33878	0.39236	-0.29578	-0.80231	24.9	13111	100
2024-11-3 15:39:24.76	WT901BLE68(B2C0FB98454F)	-0.993	0.253	0.220	18.066	136.658	-132.935	58.25	48.30	-118.89	24.598	-36.946	-12.348	0.33878	0.39236	-0.29578	-0.80231	24.9	13111	100
2024-11-3 15:39:24.169	WT901BLE68(B2C0FB98454F)	-1.009	0.290	0.206	-9.827	52.917	-62.256	66.10	61.10	-112.14	24.598	-36.946	-12.348	0.33878	0.39236	-0.29578	-0.80231	24.9	13111	100
2024-11-3 15:39:24.285	WT901BLE68(B2C0FB98454F)	-0.888	0.382	0.023	28.259	-10.132	0.793	67.21	64.40	-111.79	24.598	-36.946	-12.348	0.14856	0.62708	-0.15118	-0.74948	24.9	13111	100
2024-11-3 15:39:24.346	WT901BLE68(B2C0FB98454F)	-0.858	0.375	0.092	8.606	-12.146	14.404	67.21	63.40	-112.45	24.598	-36.946	-12.348	0.14856	0.62708	-0.15118	-0.74948	24.9	13111	100
2024-11-3 15:39:24.497	WT901BLE68(B2C0FB98454F)	-0.495	0.517	0.153	-13.977	-52.246	56.580	66.10	60.05	-113.71	27.440	-36.162	-9.996	0.14856	0.62708	-0.15118	-0.74948	24.9	13111	100
2024-11-3 15:39:24.556	WT901BLE68(B2C0FB98454F)	-0.522	0.514	0.181	-80.505	-79.956	94.849	57.51	48.86	-119.42	27.440	-36.162	-9.996	0.14856	0.62708	-0.15118	-0.74948	24.9	13111	100
2024-11-3 15:39:24.767	WT901BLE68(B2C0FB98454F)	-0.373	0.429	0.184	10.315	-107.666	89.233	51.33	36.88	-122.98	27.440	-36.162	-9.996	0.33554	0.38434	-0.26706	-0.81747	24.9	13111	100
2024-11-3 15:39:24.768	WT901BLE68(B2C0FB98454F)	-0.152	0.705	0.413	2.075	-97.778	105.164	49.92	23.69	-122.43	27.440	-36.162	-9.996	0.33554	0.38434	-0.26706	-0.81747	24.9	13111	100
2024-11-3 15:39:24.885	WT901BLE68(B2C0FB98454F)	0.040	0.938	0.571	-1.160	-57.922	125.305	51.61	10.64	-120.61	-13.916	-38.808	-20.286	0.33554	0.38434	-0.26706	-0.81747	24.9	13111	100
2024-11-3 15:39:24.975	WT901BLE68(B2C0FB98454F)	0.350	0.843	0.822	-29.785	-39.185	98.389	50.23	-0.19	-116.15	-13.916	-38.808	-20.286	0.33554	0.38434	-0.26706	-0.81747	24.9	13111	100
2024-11-3 15:39:25.95	WT901BLE68(B2C0FB98454F)	0.536	0.989	0.835	-21.729	-51.941	42.908	47.35	-8.34	-115.35	-13.916	-38.808	-20.286	0.51920	0.13742	-0.38257	-0.75174	24.9	13111	100
2024-11-3 15:39:25.185	WT901BLE68(B2C0FB98454F)	0.249	1.048	0.890	7.935	20.325	-9.827	46.55	-10.32	-115.22	-13.916	-38.808	-20.286	0.51920	0.13742	-0.38257	-0.75174	24.9	13111	100
2024-11-3 15:39:25.367	WT901BLE68(B2C0FB98454F)	-0.085	0.913	0.822	23.254	70.251	-72.083	47.97	-3.95	-114.43	-16.954	-36.848	-21.854	0.51920	0.13742	-0.38257	-0.75174	24.9	13111	100
2024-11-3 15:39:25.369	WT901BLE68(B2C0FB98454F)	-0.316	0.832	0.762	44.373	67.383	-121.521	51.55	7.28	-115.83	-16.954	-36.848	-21.854	0.51920	0.13742	-0.38257	-0.75174	24.9	13111	100
2024-11-3 15:39:25.485	WT901BLE68(B2C0FB98454F)	-0.280	0.818	0.472	16.113	64.636	-144.897	54.05	21.20	-120.59	-16.954	-36.848	-21.854	0.28784	0.43390	-0.26501	-0.81149	24.9	13111	100
2024-11-3 15:39:25.575	WT901BLE68(B2C0FB98454F)	-0.412	0.547	0.161	8.789	110.779	-145.813	54.31	37.28	-123.39	-16.954	-36.848	-21.854	0.28784	0.43390	-0.26501	-0.81149	24.9	13111	100
2024-11-3 15:39:25.696	WT901BLE68(B2C0FB98454F)	-1.170	0.249	0.183	25.269	154.602	-114.868	61.06	54.33	-119.22	30.968	-33.810	-7.938	0.28784	0.43390	-0.26501	-0.81149	24.9	13111	100
2024-11-3 15:39:25.756	WT901BLE68(B2C0FB98454F)	-0.851	0.398	0.367	-12.268	41.077	-43.884	67.81	64.44	-112.30	30.968	-33.810	-7.938	0.28784	0.43390	-0.26501	-0.81149	24.9	13111	100
2024-11-3 15:39:25.875	WT901BLE68(B2C0FB98454F)	-1.018	0.405	-0.057	4.150	-15.076	11.414	67.58	64.06	-114.58	30.968	-33.810	-7.938	0.14594	0.62701	-0.15750	-0.74878	24.9	13111	100
2024-11-3 15:39:25.973	WT901BLE68(B2C0FB98454F)	-0.786	0.259	0.120	-8.423	-1.831	19.836	68.27	63.28	-111.48	30.968	-33.810	-7.938	0.14594	0.62701	-0.15750	-0.74878	24.9	13111	100
2024-11-3 15:39:26.86	WT901BLE68(B2C0FB98454F)	-0.706	0.493	0.187	-10.376	-105.225	68.665	63.00	57.71	-117.31	25.186	-36.652	-12.936	0.14594	0.62701	-0.15750	-0.74878	24.9	13111	100
2024-11-3 15:39:26.175	WT901BLE68(B2C0FB98454F)	-0.448	0.261	0.051	-72.510	-84.839	81.848	53.54	45.65	-123.67	25.186	-36.652	-12.936	0.14594	0.62701	-0.15750	-0.74878	24.9	13111	100
2024-11-3 15:39:26.386	WT901BLE68(B2C0FB98454F)	-0.547	0.802	0.477	-0.305	-87.830	97.717	51.13	34.11	-125.78	25.186	-36.652	-12.936	0.33951	0.35767	-0.26962	-0.82703	24.9	13111	100
2024-11-3 15:39:26.387	WT901BLE68(B2C0FB98454F)	-0.131	0.619	0.540	44.189	-91.492	103.271	48.60	22.79	-123.98	25.186	-36.652	-12.936	0.33951	0.35767	-0.26962	-0.82703	24.9	13111	100
2024-11-3 15:39:26.506	WT901BLE68(B2C0FB98454F)	0.028	0.574	0.621	-20.691	-45.044	97.900	48.91	10.74	-122.29	-11.760	-39.004	-21.364	0.33951	0.35767	-0.26962	-0.82703	24.9	13111	100
2024-11-3 15:39:26.571	WT901BLE68(B2C0FB98454F)	0.412	0.787	0.829	-36.987	-49.927	85.693	48.39	-0.11	-119.13	-11.760	-39.004	-21.364	0.33951	0.35767	-0.26962	-0.82703	24.9	13111	100
2024-11-3 15:39:26.685	WT901BLE68(B2C0FB98454F)	0.437	0.959	0.841	-27.588	-40.100	36.438	45.79	-8.21	-118.05	-11.760	-39.004	-21.364	0.50607	0.12494	-0.37500	-0.76651	24.9	13111	100
2024-11-3 15:39:26.776	WT901BLE68(B2C0FB98454F)	0.251	1.022	0.918	12.817	23.621	-4.639	45.16	-10.23	-117.30	-11.760	-39.004	-21.364	0.50607	0.12494	-0.37500	-0.76651	24.9	13111	100
2024-11-3 15:39:27.17	WT901BLE68(B2C0FB98454F)	0.009	0.847	0.854	11.230	63.599	-71.045	46.48	-4.59	-116.36	-16.856	-36.260	-22.736	0.50607	0.12494	-0.37500	-0.76651	24.9	13111	100
2024-11-3 15:39:27.18	WT901BLE68(B2C0FB98454F)	-0.353	0.809	0.753	42.419	74.097	-101.929	49.33	5.85	-116.97	-16.856	-36.260	-22.736	0.50607	0.12494	-0.37500	-0.76651	24.9	13111	100
2024-11-3 15:39:27.107	WT901BLE68(B2C0FB98454F)	-0.257	0.808	0.513	40.405	67.383	-126.587	53.03	18.54	-119.75	-16.856	-36.260	-22.736	0.30219	0.42545	-0.27765	-0.80652	24.9	13111	100
2024-11-3 15:39:27.172	WT901BLE68(B2C0FB98454F)	-0.462	0.671	0.189	27.283	88.867	-146.484	55.16	33.23	-122.34	-16.856	-36.260	-22.736	0.30219	0.42545	-0.27765	-0.80652	24.9	13111	100
2024-11-3 15:39:27.285	WT901BLE68(B2C0FB98454F)	-1.035	0.288	0.132	21.118	132.568	-98.511	59.06	49.49	-120.05	-16.856	-36.260	-22.736	0.30219	0.42545	-0.27765	-0.80652	24.9	13111	100
2024-11-3 15:39:27.375	WT901BLE68(B2C0FB98454F)	-0.910	0.281	0.293	13.855	34.851	-60.120	66.41	60.31	-114.60	28.616	-35.378	-8.918	0.30219	0.42545	-0.27765	-0.80652	24.9	13111	100
2024-11-3 15:39:27.496	WT901BLE68(B2C0FB98454F)	-0.903	0.429	0.071	0.427	2.197	-1.038	67.54	62.35	-115.55	28.616	-35.378	-8.918	0.13943	0.61734	-0.17838	-0.75333	24.9	13111	100
2024-11-3 15:39:27.615	WT901BLE68(B2C0FB98454F)	-0.640	0.405	0.163	9.644	-23.987	27.893	67.70	61.38	-115.14	28.616	-35.378	-8.918	0.13943	0.61734	-0.17838	-0.75333	24.9	13111	100
2024-11-3 15:39:27.705	WT901BLE68(B2C0FB98454F)	-0.787	0.527	0.146	-29.846	-71.960	86.609	64.53	54.71	-118.25	23.030	-37.926	-13.034	0.13943	0.61734	-0.17838	-0.75333	24.9	13111	100
2024-11-3 15:39:27.797	WT901BLE68(B2C0FB98454F)	-0.455	0.292	0.180	-86.304	-59.753	89.050	55.59	44.02	-120.53	23.030	-37.926	-13.034	0.13943	0.61734	-0.17838	-0.75333	24.9	13111	100
2024-11-3 15:39:27.946	WT901BLE68(B2C0FB98454F)	-0.373	0.551	0.517	-2.808	-97.290	110.046	52.37	32.27	-123.56	23.030	-37.926	-13.034	0.13943	0.61734	-0.17838	-0.75333	24.9	13111	100
2024-11-3 15:39:27.976	WT901BLE68(B2C0FB98454F)	-0.024	0.713	0.594	3.235	-73.059	104.797	51.69	20.03	-121.79	23.030	-37.926	-13.034	0.41702	0.27667	-0.34540	-0.79379	24.9	13111	100
2024-11-3 15:39:28.97	WT901BLE68(B2C0FB98454F)	0.143	0.807	0.573	-20.264	-67.566	114.380	51.19	7.21	-119.88	23.030	-37.926	-13.034	0.41702	0.27667	-0.34540	-0.79379	24.9	13111	100
2024-11-3 15:39:28.186	WT901BLE68(B2C0FB98454F)	0.355	0.823	0.815	-34.180	-54.871	93.750	48.97	-3.74	-117.36	-18.326	-37.044	-20.384	0.41702	0.27667	-0.34540	-0.79379	24.9	13111	100
2024-11-3 15:39:28.306	WT901BLE68(B2C0FB98454F)	0.365	0.952	0.892	-16.968	-24.170	32.898	47.02	-10.79	-116.37	-18.326	-37.044	-20.384	0.51724	0.13785	-0.38583	-0.75131	24.9	13111	100
2024-11-3 15:39:28.426	WT901BLE68(B2C0FB98454F)	0.151	0.949	0.925	7.813	35.278	-30.273	46.95	-9.82	-115.65	-18.326	-37.044	-20.384	0.51724	0.13785	-0.38583	-0.75131	24.9	13111	100
2024-11-3 15:39:28.547	WT901BLE68(B2C0FB98454F)	-0.154	0.803	0.777	21.973	65.796	-85.144	47.89	-1.42	-116.09	-12.446	-38.318	-21.854	0.51724	0.13785	-0.38583	-0.75131	24.9	13111	100
2024-11-3 15:39:28.575	WT901BLE68(B2C0FB98454F)	-0.281	0.779	0.687	42.847	69.458	-115.845	51.28	10.26	-117.86	-12.446	-38.318	-21.854	0.51724	0.13785	-0.38583	-0.75131	24.9	13111	100
2024-11-3 15:39:28.697	WT901BLE68(B2C0FB98454F)	-0.333	0.715	0.302	-4.395	74.219	-146.790	52.13	23.83	-122.72	-12.446	-38.318	-21.854	0.51724	0.13785	-0.38583	-0.75131	24.9	13111	100
2024-11-3 15:39:28.785	WT901BLE68(B2C0FB98454F)	-0.712	0.438	0.162	25.085	124.451	-128.784	52.18	39.56	-125.29	-12.446	-38.318	-21.854	0.25537	0.45914	-0.23395	-0.81799	24.9	13111	100
2024-11-3 15:39:28.905	WT901BLE68(B2C0FB98454F)	-0.981	0.268	0.278	16.785	94.360	-74.158	56.96	53.57	-122.80	-12.446	-38.318	-21.854	0.25537	0.45914	-0.23395	-0.81799	24.9	13111	100
2024-11-3 15:39:28.997	WT901BLE68(B2C0FB98454F)	-1.039	0.451	0.076	5.981	30.701	-39.673	59.87	61.11	-121.15	30.772	-33.516	-10.192	0.25537	0.45914	-0.23395	-0.81799	24.9	13111	100
2024-11-3 15:39:29.116	WT901BLE68(B2C0FB98454F)	-0.933	0.557	0.176	-23.682	13.367	-2.563	60.35	65.21	-118.93	30.772	-33.516	-10.192	0.15176	0.61041	-0.13010	-0.76636	24.9	13111	100
2024-11-3 15:39:29.206	WT901BLE68(B2C0FB98454F)	-1.116	0.315	-0.008	-2.502	-34.485	-1.221	58.87	63.80	-118.67	30.772	-33.516	-10.192	0.15176	0.61041	-0.13010	-0.76636	24.9	13111	100
2024-11-3 15:39:29.326	WT901BLE68(B2C0FB98454F)	-0.787	0.557	0.479	-16.296	-21.912	-0.549	53.30	62.59	-121.39	32.046	-30.772	-14.602	0.15176	0.61041	-0.13010	-0.76636	24.9	13111	100
2024-11-3 15:39:29.385	WT901BLE68(B2C0FB98454F)	-0.463	0.476	0.393	-16.113	-48.340	27.771	48.02	59.14	-125.23	32.046	-30.772	-14.602	0.15176	0.61041	-0.13010	-0.76636	24.9	13111	100
2024-11-3 15:39:29.506	WT901BLE68(B2C0FB98454F)	-0.755	0.453	0.079	11.353	-5.249	71.106	48.41	53.10	-123.44	32.046	-30.772	-14.602	0.15176	0.61041	-0.13010	-0.76636	24.9	13111	100
2024-11-3 15:39:29.596	WT901BLE68(B2C0FB98454F)	-0.942	0.414	0.257	-20.813	77.820	24.963	55.46	52.88	-111.46	32.046	-30.772	-14.602	0.27588	0.56226	-0.12726	-0.76907	24.9	13111	100
2024-11-3 15:39:29.716	WT901BLE68(B2C0FB98454F)	-0.903	0.555	0.306	-66.162	93.201	43.335	64.96	54.23	-96.27	32.046	-30.772	-14.602	0.27588	0.56226	-0.12726	-0.76907	24.9	13111	100
2024-11-3 15:39:29.806	WT901BLE68(B2C0FB98454F)	-0.697	0.543	0.234	-6.531	21.423	36.560	68.94	52.91	-85.52	25.480	-35.672	-16.170	0.27588	0.56226	-0.12726	-0.76907	24.9	13111	100
2024-11-3 15:39:29.927	WT901BLE68(B2C0FB98454F)	-0.725	0.572	0.226	-31.311	44.800	12.390	71.51	51.82	-80.76	25.480	-35.672	-16.170	0.42758	0.63745	-0.02335	-0.64044	24.9	13111	100
2024-11-3 15:39:29.985	WT901BLE68(B2C0FB98454F)	-1.383	0.571	0.171	-69.885	53.101	-3.601	71.41	53.38	-71.98	25.480	-35.672	-16.170	0.42758	0.63745	-0.02335	-0.64044	24.9	13111	100
2024-11-3 15:39:30.107	WT901BLE68(B2C0FB98454F)	-0.827	0.695	0.219	33.508	-17.395	10.681	70.36	53.77	-70.30	25.480	-35.672	-16.170	0.42758	0.63745	-0.02335	-0.64044	24.9	13111	100
2024-11-3 15:39:30.196	WT901BLE68(B2C0FB98454F)	-0.433	0.514	0.025	-66.589	42.664	-0.671	69.63	52.49	-69.56	25.480	-34.300	-19.894	0.42758	0.63745	-0.02335	-0.64044	24.9	13111	100
2024-11-3 15:39:30.315	WT901BLE68(B2C0FB98454F)	-0.784	0.293	0.071	-21.912	20.752	0.549	72.25	53.62	-64.08	25.480	-34.300	-19.894	0.42758	0.63745	-0.02335	-0.64044	24.9	13111	100
2024-11-3 15:39:30.406	WT901BLE68(B2C0FB98454F)	-0.815	0.637	0.071	-13.794	23.926	6.226	73.93	53.43	-60.50	25.480	-34.300	-19.894	0.47958	0.64743	0.03494	-0.59119	24.9	13111	100
2024-11-3 15:39:30.526	WT901BLE68(B2C0FB98454F)	-0.787	0.627	0.124	-10.315	20.508	0.610	75.95	53.79	-55.46	25.480	-34.300	-19.894	0.47958	0.64743	0.03494	-0.59119	24.9	13111	100
2024-11-3 15:39:30.616	WT901BLE68(B2C0FB98454F)	-0.837	0.637	0.080	-2.625	18.188	-0.549	77.81	54.19	-51.87	27.930	-33.222	-19.600	0.47958	0.64743	0.03494	-0.59119	24.9	13111	100
2024-11-3 15:39:30.736	WT901BLE68(B2C0FB98454F)	-0.777	0.570	0.057	5.127	10.498	-1.892	79.77	54.43	-48.96	27.930	-33.222	-19.600	0.47958	0.64743	0.03494	-0.59119	24.9	13111	100
2024-11-3 15:39:30.796	WT901BLE68(B2C0FB98454F)	-0.825	0.645	0.033	3.906	8.362	-2.625	81.19	54.61	-47.18	27.930	-33.222	-19.600	0.49762	0.67325	0.08484	-0.54016	24.9	13111	100
