time	DeviceName	AccX(g)	AccY(g)	AccZ(g)	AsX(°/s)	AsY(°/s)	AsZ(°/s)	AngleX(°)	AngleY(°)	AngleZ(°)	HX(uT)	HY(uT)	HZ(uT)	Q0()	Q1()	Q2()	Q3()	Temperature(°C)	Version()	Battery level(%)
2024-11-4 13:35:28.994	WT901BLE68(B2C0FB98454F)	0.939	0.431	-0.022	-2.380	2.686	0.793	88.90	-63.81	-12.36	-38.612	-10.878	-18.326	-0.64227	-0.55048	0.43811	-0.30402	24.3	13111	100
2024-11-4 13:35:29.112	WT901BLE68(B2C0FB98454F)	0.906	0.392	0.017	5.493	11.597	-0.793	87.31	-63.75	-10.84	-38.612	-10.878	-18.326	-0.64111	-0.55096	0.43262	-0.31326	24.3	13111	100
2024-11-4 13:35:29.263	WT901BLE68(B2C0FB98454F)	0.946	0.402	-0.021	12.695	6.653	-4.822	87.02	-63.72	-9.75	-38.612	-10.878	-18.326	-0.64111	-0.55096	0.43262	-0.31326	24.3	13111	100
2024-11-4 13:35:29.353	WT901BLE68(B2C0FB98454F)	0.921	0.371	0.072	16.052	4.333	-3.418	87.79	-63.51	-9.01	-37.926	-12.054	-19.600	-0.64111	-0.55096	0.43262	-0.31326	24.3	13111	100
2024-11-4 13:35:29.381	WT901BLE68(B2C0FB98454F)	0.911	0.343	0.063	21.301	11.292	-9.399	87.45	-62.96	-6.80	-37.926	-12.054	-19.600	-0.64111	-0.55096	0.43262	-0.31326	24.3	13111	100
2024-11-4 13:35:29.534	WT901BLE68(B2C0FB98454F)	0.898	0.375	-0.017	34.058	13.245	-8.789	87.76	-62.33	-4.38	-37.926	-12.054	-19.600	-0.61551	-0.59848	0.36932	-0.35559	24.3	13111	100
2024-11-4 13:35:29.594	WT901BLE68(B2C0FB98454F)	0.948	0.372	0.011	51.636	24.902	-18.005	88.13	-61.22	-0.26	-37.926	-12.054	-19.600	-0.61551	-0.59848	0.36932	-0.35559	24.3	13111	100
2024-11-4 13:35:29.714	WT901BLE68(B2C0FB98454F)	0.887	0.334	-0.001	21.423	7.324	-19.470	88.57	-59.61	4.28	-34.986	-18.228	-20.874	-0.61551	-0.59848	0.36932	-0.35559	24.3	13111	100
2024-11-4 13:35:29.804	WT901BLE68(B2C0FB98454F)	1.071	0.366	-0.040	16.174	16.785	-40.344	87.88	-57.12	7.92	-34.986	-18.228	-20.874	-0.61551	-0.59848	0.36932	-0.35559	24.3	13111	100
2024-11-4 13:35:29.926	WT901BLE68(B2C0FB98454F)	0.750	0.666	0.083	25.208	2.747	-41.931	89.66	-54.08	9.05	-34.986	-18.228	-20.874	-0.61551	-0.59848	0.36932	-0.35559	24.3	13111	100
2024-11-4 13:35:30.13	WT901BLE68(B2C0FB98454F)	1.108	0.772	0.456	-24.719	82.031	31.067	84.70	-54.01	12.00	-34.986	-18.228	-20.874	-0.62213	-0.62659	0.26767	-0.38547	24.3	13111	100
2024-11-4 13:35:30.134	WT901BLE68(B2C0FB98454F)	0.788	0.574	-0.154	-87.402	-15.747	130.127	69.24	-59.86	26.44	-29.302	-10.192	-31.654	-0.62213	-0.62659	0.26767	-0.38547	24.3	13111	100
2024-11-4 13:35:30.193	WT901BLE68(B2C0FB98454F)	0.732	0.622	0.408	32.593	85.327	99.426	44.17	-65.27	56.64	-29.302	-10.192	-31.654	-0.62213	-0.62659	0.26767	-0.38547	24.3	13111	100
2024-11-4 13:35:30.345	WT901BLE68(B2C0FB98454F)	0.474	0.378	0.389	12.329	85.571	2.258	30.66	-59.77	71.68	-29.302	-10.192	-31.654	-0.62213	-0.62659	0.26767	-0.38547	24.3	13111	100
2024-11-4 13:35:30.403	WT901BLE68(B2C0FB98454F)	0.816	0.320	0.406	12.756	-7.996	-16.113	33.25	-56.70	69.05	-29.302	-10.192	-31.654	-0.61346	-0.46979	0.23160	-0.59094	24.3	13111	100
2024-11-4 13:35:30.524	WT901BLE68(B2C0FB98454F)	0.583	0.301	0.829	12.268	-29.114	-15.686	39.96	-57.13	60.87	-21.070	-10.388	-37.436	-0.61346	-0.46979	0.23160	-0.59094	24.3	13111	100
2024-11-4 13:35:30.614	WT901BLE68(B2C0FB98454F)	1.436	0.367	0.803	17.456	8.789	17.212	39.32	-56.34	61.79	-21.070	-10.388	-37.436	-0.61346	-0.46979	0.23160	-0.59094	24.3	13111	100
2024-11-4 13:35:30.734	WT901BLE68(B2C0FB98454F)	0.907	0.625	0.287	-42.725	-20.264	-39.917	39.13	-58.29	56.95	-21.070	-10.388	-37.436	-0.64908	-0.48846	0.34088	-0.47305	24.3	13111	100
2024-11-4 13:35:30.794	WT901BLE68(B2C0FB98454F)	0.876	0.409	0.136	-51.697	-125.549	-1.892	48.07	-65.24	38.80	-21.070	-10.388	-37.436	-0.64908	-0.48846	0.34088	-0.47305	24.3	13111	100
2024-11-4 13:35:31.4	WT901BLE68(B2C0FB98454F)	0.920	0.114	-0.156	-70.435	-117.798	-16.724	74.44	-70.48	1.06	-21.070	-10.388	-37.436	-0.64908	-0.48846	0.34088	-0.47305	24.3	13111	100
2024-11-4 13:35:31.33	WT901BLE68(B2C0FB98454F)	0.911	0.309	-0.137	-89.539	-94.727	-16.235	97.53	-69.77	-30.31	-35.574	-2.058	-19.992	-0.64908	-0.48846	0.34088	-0.47305	24.3	13111	100
2024-11-4 13:35:31.184	WT901BLE68(B2C0FB98454F)	1.077	0.187	0.055	-31.860	-68.054	-18.677	109.29	-66.47	-49.22	-35.574	-2.058	-19.992	-0.64908	-0.48846	0.34088	-0.47305	24.3	13111	100
2024-11-4 13:35:31.213	WT901BLE68(B2C0FB98454F)	1.121	0.448	0.132	-59.937	-47.302	-15.869	114.94	-62.85	-59.64	-35.574	-2.058	-19.992	-0.61490	-0.48471	0.60208	-0.15601	24.3	13111	100
2024-11-4 13:35:31.334	WT901BLE68(B2C0FB98454F)	1.234	0.328	-0.044	-49.622	85.083	28.076	108.45	-63.07	-61.18	-35.574	-2.058	-19.992	-0.61490	-0.48471	0.60208	-0.15601	24.3	13111	100
2024-11-4 13:35:31.425	WT901BLE68(B2C0FB98454F)	0.645	0.893	0.094	-61.584	166.443	25.208	69.86	-66.08	-21.72	-33.418	2.156	-23.226	-0.61490	-0.48471	0.60208	-0.15601	24.3	13111	100
2024-11-4 13:35:31.545	WT901BLE68(B2C0FB98454F)	0.369	0.357	0.085	39.978	219.116	42.358	32.00	-58.47	19.70	-33.418	2.156	-23.226	-0.61490	-0.48471	0.60208	-0.15601	24.3	13111	100
2024-11-4 13:35:31.724	WT901BLE68(B2C0FB98454F)	0.233	0.185	0.138	25.391	61.829	0.610	24.64	-47.48	31.79	-33.418	2.156	-23.226	-0.83240	-0.30630	0.31927	-0.33350	24.3	13111	100
2024-11-4 13:35:31.725	WT901BLE68(B2C0FB98454F)	0.400	0.070	0.791	48.279	-94.849	23.438	30.03	-51.21	29.95	-33.418	2.156	-23.226	-0.83240	-0.30630	0.31927	-0.33350	24.3	13111	100
2024-11-4 13:35:31.814	WT901BLE68(B2C0FB98454F)	0.824	0.575	1.084	29.175	84.106	-2.441	35.52	-53.53	27.77	-19.894	1.176	-37.730	-0.83240	-0.30630	0.31927	-0.33350	24.3	13111	100
2024-11-4 13:35:31.934	WT901BLE68(B2C0FB98454F)	1.007	0.393	0.467	-27.832	0.671	0.671	34.58	-52.04	27.64	-19.894	1.176	-37.730	-0.83240	-0.30630	0.31927	-0.33350	24.3	13111	100
2024-11-4 13:35:32.24	WT901BLE68(B2C0FB98454F)	0.878	0.415	0.130	-20.569	-142.700	14.099	42.69	-60.66	14.38	-19.894	1.176	-37.730	-0.74838	-0.38028	0.47595	-0.26205	24.3	13111	100
2024-11-4 13:35:32.204	WT901BLE68(B2C0FB98454F)	0.793	0.196	0.066	-37.415	-134.338	-33.203	69.10	-69.14	-19.38	-19.894	1.176	-37.730	-0.74838	-0.38028	0.47595	-0.26205	24.3	13111	100
2024-11-4 13:35:32.206	WT901BLE68(B2C0FB98454F)	1.000	0.404	0.043	-48.462	-85.815	-18.372	94.02	-69.05	-50.43	-33.712	4.116	-17.738	-0.74838	-0.38028	0.47595	-0.26205	24.3	13111	100
2024-11-4 13:35:32.354	WT901BLE68(B2C0FB98454F)	1.318	0.208	0.041	-39.734	-81.299	-42.419	108.06	-64.08	-69.48	-33.712	4.116	-17.738	-0.74838	-0.38028	0.47595	-0.26205	24.3	13111	100
2024-11-4 13:35:32.414	WT901BLE68(B2C0FB98454F)	1.153	0.326	0.188	-51.575	-17.151	-14.343	110.27	-60.73	-76.88	-33.712	4.116	-17.738	-0.64789	-0.36893	0.66608	-0.01843	24.3	13111	100
2024-11-4 13:35:32.564	WT901BLE68(B2C0FB98454F)	1.444	0.412	-0.196	17.334	222.961	25.452	89.56	-64.55	-55.75	-33.712	4.116	-17.738	-0.64789	-0.36893	0.66608	-0.01843	24.3	13111	100
2024-11-4 13:35:32.625	WT901BLE68(B2C0FB98454F)	0.693	0.516	-0.020	12.207	160.034	114.258	49.01	-64.95	-9.84	-24.108	5.488	-27.734	-0.64789	-0.36893	0.66608	-0.01843	24.3	13111	100
2024-11-4 13:35:32.744	WT901BLE68(B2C0FB98454F)	0.198	0.231	0.057	49.011	154.358	46.936	26.27	-52.62	26.24	-24.108	5.488	-27.734	-0.64789	-0.36893	0.66608	-0.01843	24.3	13111	100
2024-11-4 13:35:32.834	WT901BLE68(B2C0FB98454F)	1.252	0.135	0.232	33.630	-25.391	18.616	26.67	-50.71	33.26	-24.108	5.488	-27.734	-0.80612	-0.33014	0.34467	-0.34970	24.3	13111	100
2024-11-4 13:35:32.954	WT901BLE68(B2C0FB98454F)	1.077	0.521	0.837	96.741	-66.956	-3.479	36.92	-56.40	28.38	-24.108	5.488	-27.734	-0.80612	-0.33014	0.34467	-0.34970	24.3	13111	100
2024-11-4 13:35:33.13	WT901BLE68(B2C0FB98454F)	1.042	0.476	0.505	47.180	11.108	8.545	35.76	-53.82	33.96	-16.660	0.490	-33.320	-0.80612	-0.33014	0.34467	-0.34970	24.3	13111	100
2024-11-4 13:35:33.133	WT901BLE68(B2C0FB98454F)	1.005	-0.103	-0.177	-33.386	-100.037	0.549	36.43	-55.72	29.37	-16.660	0.490	-33.320	-0.80612	-0.33014	0.34467	-0.34970	24.3	13111	100
2024-11-4 13:35:33.225	WT901BLE68(B2C0FB98454F)	0.815	0.173	-0.148	-66.223	-127.869	-27.344	52.72	-66.64	8.80	-16.660	0.490	-33.320	-0.71591	-0.41461	0.48724	-0.27936	24.3	13111	100
2024-11-4 13:35:33.373	WT901BLE68(B2C0FB98454F)	0.746	0.225	0.108	-7.629	-87.830	-14.221	77.88	-69.54	-20.93	-16.660	0.490	-33.320	-0.71591	-0.41461	0.48724	-0.27936	24.3	13111	100
2024-11-4 13:35:33.434	WT901BLE68(B2C0FB98454F)	1.174	0.318	-0.085	-28.076	-94.727	-31.006	97.34	-68.23	-43.54	-29.008	1.862	-18.130	-0.71591	-0.41461	0.48724	-0.27936	24.3	13111	100
2024-11-4 13:35:33.614	WT901BLE68(B2C0FB98454F)	1.358	0.226	0.096	-45.105	-56.824	-27.405	109.84	-62.57	-60.16	-29.008	1.862	-18.130	-0.71591	-0.41461	0.48724	-0.27936	24.3	13111	100
2024-11-4 13:35:33.616	WT901BLE68(B2C0FB98454F)	1.336	0.176	0.074	-33.264	42.419	13.123	108.01	-61.27	-63.01	-29.008	1.862	-18.130	-0.65323	-0.43216	0.61383	-0.09818	24.3	13111	100
2024-11-4 13:35:33.795	WT901BLE68(B2C0FB98454F)	1.065	0.671	-0.055	-11.047	171.326	36.865	76.86	-65.04	-27.08	-29.008	1.862	-18.130	-0.65323	-0.43216	0.61383	-0.09818	24.3	13111	100
2024-11-4 13:35:33.824	WT901BLE68(B2C0FB98454F)	0.533	0.326	0.061	84.412	240.967	92.407	40.48	-63.40	12.60	-20.482	4.214	-28.028	-0.65323	-0.43216	0.61383	-0.09818	24.3	13111	100
2024-11-4 13:35:33.943	WT901BLE68(B2C0FB98454F)	0.342	0.261	0.018	63.110	77.698	58.105	25.02	-54.96	40.47	-20.482	4.214	-28.028	-0.65323	-0.43216	0.61383	-0.09818	24.3	13111	100
2024-11-4 13:35:34.33	WT901BLE68(B2C0FB98454F)	1.349	0.170	0.330	35.034	-43.579	23.987	25.93	-57.06	46.13	-20.482	4.214	-28.028	-0.73129	-0.38306	0.35925	-0.43512	24.3	13111	100
2024-11-4 13:35:34.154	WT901BLE68(B2C0FB98454F)	1.310	0.193	1.031	46.997	26.794	20.813	34.00	-60.63	42.19	-20.482	4.214	-28.028	-0.73129	-0.38306	0.35925	-0.43512	24.3	13111	100
2024-11-4 13:35:34.244	WT901BLE68(B2C0FB98454F)	0.821	0.396	0.539	36.072	-43.701	41.138	29.61	-59.40	53.34	-11.760	-1.078	-34.006	-0.73129	-0.38306	0.35925	-0.43512	24.3	13111	100
2024-11-4 13:35:34.365	WT901BLE68(B2C0FB98454F)	0.843	-0.110	-0.021	-6.409	-88.135	8.484	29.60	-62.57	51.86	-11.760	-1.078	-34.006	-0.73129	-0.38306	0.35925	-0.43512	24.3	13111	100
2024-11-4 13:35:34.425	WT901BLE68(B2C0FB98454F)	0.974	0.367	-0.156	-72.388	-161.011	-20.569	50.01	-72.72	27.53	-11.760	-1.078	-34.006	-0.64096	-0.46689	0.46411	-0.39453	24.3	13111	100
2024-11-4 13:35:34.543	WT901BLE68(B2C0FB98454F)	0.858	0.183	-0.013	-20.386	-86.304	-13.550	87.01	-74.54	-15.97	-11.760	-1.078	-34.006	-0.64096	-0.46689	0.46411	-0.39453	24.3	13111	100
2024-11-4 13:35:34.633	WT901BLE68(B2C0FB98454F)	1.096	0.354	0.025	-41.687	-80.139	-23.926	109.39	-71.99	-42.76	-25.970	1.960	-21.560	-0.64096	-0.46689	0.46411	-0.39453	24.3	13111	100
2024-11-4 13:35:34.874	WT901BLE68(B2C0FB98454F)	1.239	0.266	-0.039	-47.119	-70.923	-32.654	119.78	-66.08	-57.53	-25.970	1.960	-21.560	-0.64096	-0.46689	0.46411	-0.39453	24.3	13111	100
2024-11-4 13:35:34.875	WT901BLE68(B2C0FB98454F)	1.246	0.306	0.041	-71.960	-32.837	-10.254	119.09	-63.13	-63.14	-25.970	1.960	-21.560	-0.62909	-0.45834	0.60727	-0.15897	24.3	13111	100
2024-11-4 13:35:34.993	WT901BLE68(B2C0FB98454F)	1.303	0.264	-0.098	17.883	194.153	24.719	101.05	-67.40	-47.59	-25.970	1.960	-21.560	-0.62909	-0.45834	0.60727	-0.15897	24.3	13111	100
2024-11-4 13:35:35.114	WT901BLE68(B2C0FB98454F)	0.634	0.357	-0.024	-34.363	157.349	96.802	52.79	-67.27	4.07	-17.640	5.684	-29.008	-0.62909	-0.45834	0.60727	-0.15897	24.3	13111	100
2024-11-4 13:35:35.143	WT901BLE68(B2C0FB98454F)	0.335	0.221	0.113	50.110	152.832	38.086	25.62	-56.72	41.25	-17.640	5.684	-29.008	-0.62909	-0.45834	0.60727	-0.15897	24.3	13111	100
2024-11-4 13:35:35.234	WT901BLE68(B2C0FB98454F)	0.818	0.237	0.154	25.818	-21.912	27.283	23.29	-53.46	49.99	-17.640	5.684	-29.008	-0.74179	-0.36490	0.33295	-0.45349	24.3	13111	100
2024-11-4 13:35:35.353	WT901BLE68(B2C0FB98454F)	0.066	0.234	0.792	76.782	-98.267	-7.751	31.99	-60.20	44.99	-17.640	5.684	-29.008	-0.74179	-0.36490	0.33295	-0.45349	24.3	13111	100
2024-11-4 13:35:35.445	WT901BLE68(B2C0FB98454F)	0.430	0.321	0.629	63.721	36.987	30.762	33.09	-58.40	48.81	-8.918	-1.666	-33.712	-0.74179	-0.36490	0.33295	-0.45349	24.3	13111	100
2024-11-4 13:35:35.624	WT901BLE68(B2C0FB98454F)	0.766	0.445	0.051	-3.296	11.658	-11.780	32.32	-59.21	49.39	-8.918	-1.666	-33.712	-0.74179	-0.36490	0.33295	-0.45349	24.3	13111	100
2024-11-4 13:35:35.654	WT901BLE68(B2C0FB98454F)	0.884	0.624	0.477	32.043	-85.999	-1.465	45.57	-67.43	35.54	-8.918	-1.666	-33.712	-0.64749	-0.48218	0.42328	-0.41110	24.3	13111	100
2024-11-4 13:35:35.834	WT901BLE68(B2C0FB98454F)	0.749	0.168	0.025	0.122	-81.970	-22.705	72.43	-71.43	3.96	-8.918	-1.666	-33.712	-0.64749	-0.48218	0.42328	-0.41110	24.3	13111	100
2024-11-4 13:35:35.836	WT901BLE68(B2C0FB98454F)	1.087	0.244	-0.157	-33.020	-80.139	-9.521	94.26	-71.07	-20.16	-21.168	-5.096	-24.500	-0.64749	-0.48218	0.42328	-0.41110	24.3	13111	100
2024-11-4 13:35:35.954	WT901BLE68(B2C0FB98454F)	1.317	0.243	0.065	-25.146	-73.303	-35.339	112.16	-66.75	-40.70	-21.168	-5.096	-24.500	-0.64749	-0.48218	0.42328	-0.41110	24.3	13111	100
2024-11-4 13:35:36.72	WT901BLE68(B2C0FB98454F)	1.185	0.257	0.053	-39.368	-15.564	-8.667	115.10	-63.56	-46.60	-21.168	-5.096	-24.500	-0.59521	-0.54462	0.54382	-0.23071	24.3	13111	100
2024-11-4 13:35:36.171	WT901BLE68(B2C0FB98454F)	1.193	0.104	-0.161	42.175	186.340	29.053	102.53	-67.05	-32.84	-21.168	-5.096	-24.500	-0.59521	-0.54462	0.54382	-0.23071	24.3	13111	100
2024-11-4 13:35:36.254	WT901BLE68(B2C0FB98454F)	0.694	0.387	0.006	-15.076	148.560	82.520	56.16	-67.73	21.01	-14.994	-8.820	-24.206	-0.59521	-0.54462	0.54382	-0.23071	24.3	13111	100
2024-11-4 13:35:36.374	WT901BLE68(B2C0FB98454F)	0.425	0.327	0.132	95.642	158.813	80.383	25.24	-59.17	63.87	-14.994	-8.820	-24.206	-0.59521	-0.54462	0.54382	-0.23071	24.3	13111	100
2024-11-4 13:35:36.434	WT901BLE68(B2C0FB98454F)	0.602	0.280	0.191	35.095	-7.751	30.884	19.70	-54.99	78.28	-14.994	-8.820	-24.206	-0.61093	-0.42688	0.26541	-0.61151	24.3	13111	100
2024-11-4 13:35:36.553	WT901BLE68(B2C0FB98454F)	0.526	0.324	0.508	5.798	-102.783	-22.461	25.68	-61.08	72.93	-14.994	-8.820	-24.206	-0.61093	-0.42688	0.26541	-0.61151	24.3	13111	100
2024-11-4 13:35:36.643	WT901BLE68(B2C0FB98454F)	1.309	-0.098	0.981	7.935	51.880	44.800	27.90	-62.78	71.55	-13.622	-6.860	-23.912	-0.61093	-0.42688	0.26541	-0.61151	24.3	13111	100
2024-11-4 13:35:36.764	WT901BLE68(B2C0FB98454F)	1.258	0.899	0.566	-6.592	-49.927	-6.470	25.44	-67.18	75.30	-13.622	-6.860	-23.912	-0.61093	-0.42688	0.26541	-0.61151	24.3	13111	100
2024-11-4 13:35:36.853	WT901BLE68(B2C0FB98454F)	0.998	0.317	-0.113	-44.861	-106.323	10.254	34.96	-72.05	62.75	-13.622	-6.860	-23.912	-0.55634	-0.51221	0.38147	-0.53152	24.3	13111	100
2024-11-4 13:35:37.153	WT901BLE68(B2C0FB98454F)	0.958	0.018	-0.126	-135.620	-99.731	-10.742	61.88	-78.94	24.48	-13.622	-6.860	-23.912	-0.55634	-0.51221	0.38147	-0.53152	24.3	13111	100
2024-11-4 13:35:37.154	WT901BLE68(B2C0FB98454F)	0.920	0.276	0.043	-52.673	-59.021	-1.953	100.66	-79.94	-22.92	-22.246	-0.196	-15.778	-0.55634	-0.51221	0.38147	-0.53152	24.3	13111	100
2024-11-4 13:35:37.184	WT901BLE68(B2C0FB98454F)	0.976	0.066	0.060	-74.097	-54.993	-9.277	116.54	-77.25	-47.45	-22.246	-0.196	-15.778	-0.55634	-0.51221	0.38147	-0.53152	24.3	13111	100
2024-11-4 13:35:37.243	WT901BLE68(B2C0FB98454F)	1.201	0.287	0.018	-102.783	-45.044	-7.263	123.20	-74.44	-62.01	-22.246	-0.196	-15.778	-0.60919	-0.42752	0.62735	-0.22897	24.3	13111	100
2024-11-4 13:35:37.365	WT901BLE68(B2C0FB98454F)	0.799	0.185	0.011	-96.985	-9.827	12.939	121.02	-73.50	-70.32	-22.246	-0.196	-15.778	-0.60919	-0.42752	0.62735	-0.22897	24.3	13111	100
2024-11-4 13:35:37.453	WT901BLE68(B2C0FB98454F)	0.986	0.732	-0.138	-83.801	164.001	-63.477	83.47	-73.82	-40.00	-22.344	2.744	-15.484	-0.60919	-0.42752	0.62735	-0.22897	24.3	13111	100
2024-11-4 13:35:37.604	WT901BLE68(B2C0FB98454F)	0.601	0.294	0.018	-64.819	136.902	-29.724	47.84	-61.79	-11.20	-22.344	2.744	-15.484	-0.60919	-0.42752	0.62735	-0.22897	24.3	13111	100
2024-11-4 13:35:37.669	WT901BLE68(B2C0FB98454F)	0.477	0.294	0.206	-31.921	94.482	-30.579	36.43	-52.71	-0.29	-22.344	2.744	-15.484	-0.86282	-0.27560	0.40399	-0.12747	24.3	13111	100
2024-11-4 13:35:37.783	WT901BLE68(B2C0FB98454F)	0.599	0.205	0.328	-41.504	-37.048	-13.000	34.95	-50.30	-1.37	-22.344	2.744	-15.484	-0.86282	-0.27560	0.40399	-0.12747	24.3	13111	100
2024-11-4 13:35:37.844	WT901BLE68(B2C0FB98454F)	0.741	0.211	0.624	-42.053	-113.892	3.174	37.33	-58.23	-10.11	-19.796	4.900	-19.110	-0.86282	-0.27560	0.40399	-0.12747	24.3	13111	100
2024-11-4 13:35:37.964	WT901BLE68(B2C0FB98454F)	0.548	0.438	1.054	7.324	58.533	-0.916	36.92	-58.66	-11.89	-19.796	4.900	-19.110	-0.86282	-0.27560	0.40399	-0.12747	24.3	13111	100
2024-11-4 13:35:38.53	WT901BLE68(B2C0FB98454F)	0.961	0.558	0.293	-25.940	-40.588	13.916	35.49	-56.71	-9.56	-19.796	4.900	-19.110	-0.84229	-0.22546	0.48669	-0.05246	24.3	13111	100
2024-11-4 13:35:38.175	WT901BLE68(B2C0FB98454F)	0.984	-0.032	-0.282	-81.299	-161.194	10.742	39.52	-61.53	-20.03	-19.796	4.900	-19.110	-0.84229	-0.22546	0.48669	-0.05246	24.3	13111	100
2024-11-4 13:35:38.324	WT901BLE68(B2C0FB98454F)	0.999	0.016	-0.060	-112.671	-151.428	-8.545	56.32	-71.13	-45.29	-23.520	6.566	-6.664	-0.84229	-0.22546	0.48669	-0.05246	24.3	13111	100
2024-11-4 13:35:38.383	WT901BLE68(B2C0FB98454F)	0.952	0.051	-0.122	-93.262	-85.632	-12.390	86.80	-73.81	-85.97	-23.520	6.566	-6.664	-0.84229	-0.22546	0.48669	-0.05246	24.3	13111	100
2024-11-4 13:35:38.473	WT901BLE68(B2C0FB98454F)	1.046	0.216	0.109	-35.583	-74.829	-23.499	104.90	-71.67	-111.49	-23.520	6.566	-6.664	-0.63199	-0.05313	0.75287	0.17560	24.3	13111	100
2024-11-4 13:35:38.624	WT901BLE68(B2C0FB98454F)	1.311	0.328	-0.003	-59.265	-41.016	-17.944	112.68	-67.71	-125.17	-23.520	6.566	-6.664	-0.63199	-0.05313	0.75287	0.17560	24.3	13111	100
2024-11-4 13:35:38.654	WT901BLE68(B2C0FB98454F)	1.216	0.130	0.065	-58.899	7.629	9.460	111.48	-66.19	-131.48	-22.736	1.176	4.410	-0.63199	-0.05313	0.75287	0.17560	24.3	13111	100
2024-11-4 13:35:38.804	WT901BLE68(B2C0FB98454F)	1.139	0.497	-0.040	27.466	186.768	19.653	82.37	-69.74	-101.18	-22.736	1.176	4.410	-0.63199	-0.05313	0.75287	0.17560	24.3	13111	100
2024-11-4 13:35:38.869	WT901BLE68(B2C0FB98454F)	0.692	0.370	0.033	72.021	234.741	73.303	38.21	-65.35	-50.40	-22.736	1.176	4.410	-0.85175	-0.07907	0.50412	0.11850	24.3	13111	100
2024-11-4 13:35:38.983	WT901BLE68(B2C0FB98454F)	0.307	0.222	0.151	11.169	110.718	37.659	24.24	-52.31	-24.46	-22.736	1.176	4.410	-0.85175	-0.07907	0.50412	0.11850	24.3	13111	100
2024-11-4 13:35:39.74	WT901BLE68(B2C0FB98454F)	1.633	0.164	0.259	29.907	-41.443	9.277	25.27	-50.56	-18.32	-20.972	4.704	-17.150	-0.85175	-0.07907	0.50412	0.11850	24.3	13111	100
2024-11-4 13:35:39.193	WT901BLE68(B2C0FB98454F)	0.863	0.229	1.052	54.688	-48.096	1.343	34.83	-57.88	-24.35	-20.972	4.704	-17.150	-0.85175	-0.07907	0.50412	0.11850	24.3	13111	100
2024-11-4 13:35:39.254	WT901BLE68(B2C0FB98454F)	0.828	0.246	0.357	45.349	-9.766	22.949	33.57	-55.31	-18.11	-20.972	4.704	-17.150	-0.85315	-0.17496	0.49130	0.00305	24.3	13111	100
2024-11-4 13:35:39.374	WT901BLE68(B2C0FB98454F)	0.750	-0.136	0.027	6.775	-55.908	-20.264	34.06	-56.50	-19.99	-20.972	4.704	-17.150	-0.85315	-0.17496	0.49130	0.00305	24.3	13111	100
2024-11-4 13:35:39.469	WT901BLE68(B2C0FB98454F)	0.929	0.480	0.026	-44.495	-135.376	-1.892	45.64	-67.37	-33.01	-22.050	2.646	-9.702	-0.85315	-0.17496	0.49130	0.00305	24.3	13111	100
2024-11-4 13:35:39.584	WT901BLE68(B2C0FB98454F)	0.808	0.030	-0.005	-34.424	-98.999	-16.968	71.89	-71.55	-65.19	-22.050	2.646	-9.702	-0.85315	-0.17496	0.49130	0.00305	24.3	13111	100
2024-11-4 13:35:39.735	WT901BLE68(B2C0FB98454F)	1.066	0.258	-0.091	-35.645	-74.158	-24.841	94.25	-71.55	-90.49	-22.050	2.646	-9.702	-0.65952	-0.13916	0.73083	0.10699	24.3	13111	100
2024-11-4 13:35:39.794	WT901BLE68(B2C0FB98454F)	1.368	0.282	0.066	-33.630	-60.608	-30.518	110.06	-67.05	-109.58	-22.050	2.646	-9.702	-0.65952	-0.13916	0.73083	0.10699	24.3	13111	100
2024-11-4 13:35:39.884	WT901BLE68(B2C0FB98454F)	1.125	0.173	0.046	-35.156	-15.503	-6.042	110.91	-64.76	-116.37	-21.070	-2.744	1.666	-0.65952	-0.13916	0.73083	0.10699	24.3	13111	100
2024-11-4 13:35:40.4	WT901BLE68(B2C0FB98454F)	1.201	0.445	-0.066	52.917	193.909	28.931	89.52	-68.26	-96.71	-21.070	-2.744	1.666	-0.65952	-0.13916	0.73083	0.10699	24.3	13111	100
2024-11-4 13:35:40.94	WT901BLE68(B2C0FB98454F)	0.688	0.394	0.049	-20.996	142.822	54.932	46.90	-64.26	-49.05	-21.070	-2.744	1.666	-0.86282	-0.14133	0.48370	0.03891	24.3	13111	100
2024-11-4 13:35:40.183	WT901BLE68(B2C0FB98454F)	0.383	0.264	0.142	60.242	154.175	61.340	27.69	-53.64	-17.72	-21.070	-2.744	1.666	-0.86282	-0.14133	0.48370	0.03891	24.3	13111	100
2024-11-4 13:35:40.335	WT901BLE68(B2C0FB98454F)	0.919	0.156	0.158	22.644	-23.438	25.574	25.39	-51.28	-8.26	-21.756	3.724	-17.052	-0.86282	-0.14133	0.48370	0.03891	24.3	13111	100
2024-11-4 13:35:40.394	WT901BLE68(B2C0FB98454F)	0.359	0.297	0.840	49.011	-87.341	-6.287	33.44	-58.31	-13.00	-21.756	3.724	-17.052	-0.86282	-0.14133	0.48370	0.03891	24.3	13111	100
2024-11-4 13:35:40.483	WT901BLE68(B2C0FB98454F)	0.817	0.250	0.559	53.406	29.297	32.410	33.45	-57.23	-9.29	-21.756	3.724	-17.052	-0.84152	-0.21393	0.48895	-0.08304	24.3	13111	100
2024-11-4 13:35:40.604	WT901BLE68(B2C0FB98454F)	0.927	0.646	0.136	-6.042	3.845	-3.479	31.85	-58.79	-7.85	-21.756	3.724	-17.052	-0.84152	-0.21393	0.48895	-0.08304	24.3	13111	100
2024-11-4 13:35:40.666	WT901BLE68(B2C0FB98454F)	0.879	0.497	0.479	44.739	-80.322	26.489	41.39	-66.21	-17.18	-25.676	5.194	-10.780	-0.84152	-0.21393	0.48895	-0.08304	24.3	13111	100
2024-11-4 13:35:40.783	WT901BLE68(B2C0FB98454F)	0.875	-0.003	-0.044	-33.813	-91.675	-28.442	62.61	-72.25	-44.21	-25.676	5.194	-10.780	-0.84152	-0.21393	0.48895	-0.08304	24.3	13111	100
2024-11-4 13:35:40.964	WT901BLE68(B2C0FB98454F)	1.009	0.238	-0.010	-11.292	-68.115	-14.709	89.14	-73.11	-72.32	-25.676	5.194	-10.780	-0.67252	-0.21085	0.70911	0.01859	24.3	13111	100
2024-11-4 13:35:41.24	WT901BLE68(B2C0FB98454F)	1.078	0.249	0.066	-25.757	-72.998	-27.466	107.92	-70.26	-93.04	-25.676	5.194	-10.780	-0.67252	-0.21085	0.70911	0.01859	24.3	13111	100
2024-11-4 13:35:41.83	WT901BLE68(B2C0FB98454F)	1.236	0.288	0.064	-27.771	-30.701	-7.385	113.70	-67.33	-102.80	-26.362	1.274	1.078	-0.67252	-0.21085	0.70911	0.01859	24.3	13111	100
2024-11-4 13:35:41.205	WT901BLE68(B2C0FB98454F)	1.198	0.066	0.012	4.639	53.284	5.615	111.47	-67.06	-104.79	-26.362	1.274	1.078	-0.67252	-0.21085	0.70911	0.01859	24.3	13111	100
2024-11-4 13:35:41.295	WT901BLE68(B2C0FB98454F)	0.997	0.649	0.029	28.503	202.881	12.390	76.78	-70.45	-63.19	-26.362	1.274	1.078	-0.80209	-0.20059	0.56183	-0.02481	24.3	13111	100
2024-11-4 13:35:41.414	WT901BLE68(B2C0FB98454F)	0.564	0.429	0.027	73.425	227.295	49.255	37.80	-62.90	-16.72	-26.362	1.274	1.078	-0.80209	-0.20059	0.56183	-0.02481	24.3	13111	100
2024-11-4 13:35:41.504	WT901BLE68(B2C0FB98454F)	0.349	0.170	0.248	28.625	99.487	36.316	25.75	-52.02	6.24	-18.424	5.096	-24.598	-0.80209	-0.20059	0.56183	-0.02481	24.3	13111	100
2024-11-4 13:35:41.594	WT901BLE68(B2C0FB98454F)	1.477	0.130	0.419	21.729	-70.557	20.264	25.66	-53.92	10.76	-18.424	5.096	-24.598	-0.80209	-0.20059	0.56183	-0.02481	24.3	13111	100
2024-11-4 13:35:41.714	WT901BLE68(B2C0FB98454F)	0.788	0.429	1.010	44.739	-4.761	-13.062	34.22	-59.87	3.08	-18.424	5.096	-24.598	-0.82999	-0.28256	0.43585	-0.20303	24.3	13111	100
2024-11-4 13:35:41.864	WT901BLE68(B2C0FB98454F)	1.261	0.315	0.471	62.866	2.869	31.860	31.88	-56.65	10.14	-18.424	5.096	-24.598	-0.82999	-0.28256	0.43585	-0.20303	24.3	13111	100
2024-11-4 13:35:41.895	WT901BLE68(B2C0FB98454F)	0.655	0.342	0.325	35.278	-31.738	-37.598	33.06	-60.50	8.29	-18.424	5.096	-24.598	-0.82999	-0.28256	0.43585	-0.20303	24.3	13111	100
2024-11-4 13:35:42.74	WT901BLE68(B2C0FB98454F)	0.911	0.665	0.374	-7.263	-122.375	20.142	46.91	-69.70	-5.23	-20.972	0.392	-16.464	-0.82999	-0.28256	0.43585	-0.20303	24.3	13111	100
2024-11-4 13:35:42.75	WT901BLE68(B2C0FB98454F)	0.912	-0.067	-0.058	-67.871	-96.985	-17.639	72.05	-73.62	-38.81	-20.972	0.392	-16.464	-0.82999	-0.28256	0.43585	-0.20303	24.3	13111	100
2024-11-4 13:35:42.194	WT901BLE68(B2C0FB98454F)	1.111	0.214	0.051	-12.939	-72.754	-14.465	96.61	-73.64	-65.14	-20.972	0.392	-16.464	-0.68423	-0.29233	0.66129	-0.09467	24.3	13111	100
2024-11-4 13:35:42.283	WT901BLE68(B2C0FB98454F)	1.292	0.058	0.150	-35.095	-37.781	-19.165	109.55	-70.76	-80.01	-24.696	0.392	-3.234	-0.68423	-0.29233	0.66129	-0.09467	24.3	13111	100
2024-11-4 13:35:42.435	WT901BLE68(B2C0FB98454F)	0.905	0.122	0.137	-1.343	27.283	5.493	106.32	-70.42	-79.89	-24.696	0.392	-3.234	-0.68423	-0.29233	0.66129	-0.09467	24.3	13111	100
2024-11-4 13:35:42.493	WT901BLE68(B2C0FB98454F)	1.114	0.456	-0.046	78.857	243.652	0.244	63.19	-70.07	-28.74	-24.696	0.392	-3.234	-0.79468	-0.29999	0.48248	-0.21347	24.3	13111	100
2024-11-4 13:35:42.613	WT901BLE68(B2C0FB98454F)	0.643	0.268	0.039	101.013	165.588	65.857	35.84	-62.72	8.10	-24.696	0.392	-3.234	-0.79468	-0.29999	0.48248	-0.21347	24.3	13111	100
2024-11-4 13:35:42.734	WT901BLE68(B2C0FB98454F)	0.494	0.142	0.016	108.765	81.726	79.834	27.63	-56.35	32.93	-24.696	0.392	-3.234	-0.79468	-0.29999	0.48248	-0.21347	24.3	13111	100
2024-11-4 13:35:42.822	WT901BLE68(B2C0FB98454F)	1.766	0.164	0.328	68.176	-81.848	56.091	29.36	-61.43	41.63	-18.032	3.528	-24.990	-0.79468	-0.29999	0.48248	-0.21347	24.3	13111	100
2024-11-4 13:35:42.883	WT901BLE68(B2C0FB98454F)	1.341	0.748	0.637	164.856	-29.541	-20.752	59.02	-69.72	19.84	-18.032	3.528	-24.990	-0.63428	-0.52081	0.37128	-0.43414	24.3	13111	100
2024-11-4 13:35:43.34	WT901BLE68(B2C0FB98454F)	0.963	-0.371	-0.704	42.725	0.183	0.977	61.85	-67.14	25.16	-18.032	3.528	-24.990	-0.63428	-0.52081	0.37128	-0.43414	24.3	13111	100
2024-11-4 13:35:43.95	WT901BLE68(B2C0FB98454F)	0.972	0.204	0.083	57.373	-19.592	19.165	77.17	-70.88	20.37	-22.540	-5.586	-19.894	-0.63428	-0.52081	0.37128	-0.43414	24.3	13111	100
2024-11-4 13:35:43.214	WT901BLE68(B2C0FB98454F)	0.970	0.180	0.109	76.294	-19.104	11.780	89.71	-72.78	15.02	-22.540	-5.586	-19.894	-0.63428	-0.52081	0.37128	-0.43414	24.3	13111	100
2024-11-4 13:35:43.304	WT901BLE68(B2C0FB98454F)	1.021	0.283	0.100	51.941	-10.193	-8.179	100.70	-73.41	10.16	-22.540	-5.586	-19.894	-0.63428	-0.52081	0.37128	-0.43414	24.3	13111	100
2024-11-4 13:35:43.424	WT901BLE68(B2C0FB98454F)	1.238	0.175	-0.023	23.499	-18.127	-7.080	104.69	-72.28	7.10	-22.540	-5.586	-19.894	-0.45859	-0.66138	0.31912	-0.50034	24.3	13111	100
2024-11-4 13:35:43.483	WT901BLE68(B2C0FB98454F)	1.223	0.098	0.119	33.447	-12.573	-21.606	110.91	-71.15	3.54	-23.716	-11.074	-15.778	-0.45859	-0.66138	0.31912	-0.50034	24.3	13111	100
2024-11-4 13:35:43.634	WT901BLE68(B2C0FB98454F)	1.227	0.088	-0.063	84.839	85.632	-33.752	106.30	-70.49	12.51	-23.716	-11.074	-15.778	-0.45859	-0.66138	0.31912	-0.50034	24.3	13111	100
2024-11-4 13:35:43.694	WT901BLE68(B2C0FB98454F)	1.146	0.083	0.094	66.162	183.411	25.085	74.14	-69.48	58.08	-23.716	-11.074	-15.778	-0.36508	-0.59106	0.11935	-0.70923	24.3	13111	100
2024-11-4 13:35:43.815	WT901BLE68(B2C0FB98454F)	0.722	0.283	0.056	125.000	183.899	98.755	40.08	-66.80	99.80	-23.716	-11.074	-15.778	-0.36508	-0.59106	0.11935	-0.70923	24.3	13111	100
2024-11-4 13:35:43.904	WT901BLE68(B2C0FB98454F)	0.410	0.313	0.183	120.544	127.441	94.971	15.22	-57.75	141.56	-14.700	-17.052	-24.108	-0.36508	-0.59106	0.11935	-0.70923	24.3	13111	100
2024-11-4 13:35:44.24	WT901BLE68(B2C0FB98454F)	0.883	0.128	0.248	48.767	0.549	40.100	12.77	-54.45	151.67	-14.700	-17.052	-24.108	-0.36508	-0.59106	0.11935	-0.70923	24.3	13111	100
2024-11-4 13:35:44.204	WT901BLE68(B2C0FB98454F)	0.376	0.157	0.753	18.555	-86.792	7.080	14.17	-60.33	150.30	-14.700	-17.052	-24.108	-0.36508	-0.59106	0.11935	-0.70923	24.3	13111	100
2024-11-4 13:35:44.271	WT901BLE68(B2C0FB98454F)	1.075	-0.115	0.914	85.510	63.782	40.955	13.10	-59.39	155.52	-14.700	-17.052	-24.108	-0.12100	-0.50323	0.00122	-0.85556	24.3	13111	100
2024-11-4 13:35:44.324	WT901BLE68(B2C0FB98454F)	1.355	0.486	0.675	-8.789	-23.804	23.865	11.18	-61.51	162.67	-20.972	-17.346	-18.326	-0.12100	-0.50323	0.00122	-0.85556	24.3	13111	100
2024-11-4 13:35:44.414	WT901BLE68(B2C0FB98454F)	0.965	-0.402	-0.351	-32.104	-114.441	-7.019	13.88	-66.72	156.01	-20.972	-17.346	-18.326	-0.12100	-0.50323	0.00122	-0.85556	24.3	13111	100
2024-11-4 13:35:44.504	WT901BLE68(B2C0FB98454F)	0.994	0.122	-0.013	-52.856	-89.233	-30.273	24.30	-76.58	140.31	-20.972	-17.346	-18.326	-0.12100	-0.50323	0.00122	-0.85556	24.3	13111	100
2024-11-4 13:35:44.654	WT901BLE68(B2C0FB98454F)	0.904	-0.057	0.107	-9.949	-70.435	-21.545	62.24	-80.95	98.54	-20.972	-17.346	-18.326	-0.16669	-0.68756	0.06531	-0.70361	24.3	13111	100
2024-11-4 13:35:44.714	WT901BLE68(B2C0FB98454F)	1.100	0.308	-0.042	-11.353	-65.552	-22.766	102.93	-80.57	56.20	-20.972	-17.346	-18.326	-0.16669	-0.68756	0.06531	-0.70361	24.3	13111	100
2024-11-4 13:35:44.834	WT901BLE68(B2C0FB98454F)	1.402	0.153	0.014	-34.302	-52.124	-22.034	124.83	-75.78	31.33	-24.108	-19.110	-6.958	-0.16669	-0.68756	0.06531	-0.70361	24.3	13111	100
2024-11-4 13:35:44.924	WT901BLE68(B2C0FB98454F)	1.092	-0.011	0.058	-27.527	-12.390	-5.005	125.20	-73.44	28.36	-24.108	-19.110	-6.958	-0.16669	-0.68756	0.06531	-0.70361	24.3	13111	100
2024-11-4 13:35:45.14	WT901BLE68(B2C0FB98454F)	1.206	0.407	-0.141	87.341	194.458	24.475	90.12	-78.25	67.38	-24.108	-19.110	-6.958	-0.19705	-0.69437	0.05881	-0.68954	24.3	13111	100
2024-11-4 13:35:45.104	WT901BLE68(B2C0FB98454F)	0.665	0.275	0.040	23.926	158.142	85.449	24.65	-70.25	136.43	-24.108	-19.110	-6.958	-0.19705	-0.69437	0.05881	-0.68954	24.3	13111	100
2024-11-4 13:35:45.224	WT901BLE68(B2C0FB98454F)	0.294	0.112	0.185	89.539	147.217	61.462	9.05	-55.48	161.22	-19.110	-16.660	-20.776	-0.19705	-0.69437	0.05881	-0.68954	24.3	13111	100
2024-11-4 13:35:45.315	WT901BLE68(B2C0FB98454F)	0.899	0.126	0.225	17.761	-26.123	15.747	7.49	-53.29	164.65	-19.110	-16.660	-20.776	-0.19705	-0.69437	0.05881	-0.68954	24.3	13111	100
2024-11-4 13:35:45.464	WT901BLE68(B2C0FB98454F)	0.161	0.094	0.826	23.315	-114.380	-9.644	11.06	-61.36	160.29	-19.110	-16.660	-20.776	-0.09332	-0.53159	-0.00394	-0.84177	24.3	13111	100
2024-11-4 13:35:45.524	WT901BLE68(B2C0FB98454F)	1.229	0.258	0.588	53.101	52.124	19.287	11.40	-58.74	163.61	-19.110	-16.660	-20.776	-0.09332	-0.53159	-0.00394	-0.84177	24.3	13111	100
2024-11-4 13:35:45.644	WT901BLE68(B2C0FB98454F)	1.035	0.731	0.294	-24.231	-4.089	-15.198	11.61	-60.45	163.30	-20.384	-16.366	-17.542	-0.09332	-0.53159	-0.00394	-0.84177	24.3	13111	100
2024-11-4 13:35:45.704	WT901BLE68(B2C0FB98454F)	0.872	0.453	0.454	8.606	-112.427	25.391	15.78	-70.31	154.90	-20.384	-16.366	-17.542	-0.09332	-0.53159	-0.00394	-0.84177	24.3	13111	100
2024-11-4 13:35:45.854	WT901BLE68(B2C0FB98454F)	0.882	-0.094	-0.013	-63.293	-97.229	-16.663	30.88	-81.02	129.72	-20.384	-16.366	-17.542	-0.16815	-0.67899	0.10092	-0.70740	24.3	13111	100
2024-11-4 13:35:45.914	WT901BLE68(B2C0FB98454F)	0.962	0.151	-0.009	-43.274	-72.449	-13.428	97.04	-84.00	57.28	-20.384	-16.366	-17.542	-0.16815	-0.67899	0.10092	-0.70740	24.3	13111	100
2024-11-4 13:35:46.34	WT901BLE68(B2C0FB98454F)	1.126	0.104	0.046	-39.429	-66.101	-30.212	131.57	-78.73	18.86	-22.834	-16.072	-6.762	-0.16815	-0.67899	0.10092	-0.70740	24.3	13111	100
2024-11-4 13:35:46.125	WT901BLE68(B2C0FB98454F)	1.189	0.192	0.131	-49.988	-23.926	-13.184	133.33	-74.81	13.41	-22.834	-16.072	-6.762	-0.16815	-0.67899	0.10092	-0.70740	24.3	13111	100
2024-11-4 13:35:46.274	WT901BLE68(B2C0FB98454F)	1.397	0.069	-0.153	14.648	116.455	11.047	122.93	-76.06	21.36	-22.834	-16.072	-6.762	-0.25882	-0.71286	0.14557	-0.63525	24.3	13111	100
2024-11-4 13:35:46.304	WT901BLE68(B2C0FB98454F)	0.708	0.456	0.112	1.221	194.885	27.283	43.20	-76.23	107.83	-22.834	-16.072	-6.762	-0.25882	-0.71286	0.14557	-0.63525	24.3	13111	100
2024-11-4 13:35:46.454	WT901BLE68(B2C0FB98454F)	0.312	0.231	0.243	103.577	183.716	45.776	10.28	-61.83	147.81	-18.718	-14.504	-17.836	-0.25882	-0.71286	0.14557	-0.63525	24.3	13111	100
2024-11-4 13:35:46.514	WT901BLE68(B2C0FB98454F)	0.358	0.096	0.176	21.973	28.748	24.048	6.94	-53.12	155.83	-18.718	-14.504	-17.836	-0.25882	-0.71286	0.14557	-0.63525	24.3	13111	100
2024-11-4 13:35:46.634	WT901BLE68(B2C0FB98454F)	0.901	0.060	0.619	9.583	-104.614	2.563	6.79	-59.01	153.80	-18.718	-14.504	-17.836	-0.16541	-0.51080	0.05789	-0.84158	24.3	13111	100
2024-11-4 13:35:46.724	WT901BLE68(B2C0FB98454F)	1.374	0.131	1.233	3.662	96.863	25.940	11.41	-63.91	151.61	-18.718	-14.504	-17.836	-0.16541	-0.51080	0.05789	-0.84158	24.3	13111	100
2024-11-4 13:35:46.844	WT901BLE68(B2C0FB98454F)	1.657	0.557	0.742	-44.250	-43.640	19.653	9.35	-63.02	157.60	-19.404	-13.034	-17.346	-0.16541	-0.51080	0.05789	-0.84158	24.3	13111	100
2024-11-4 13:35:46.933	WT901BLE68(B2C0FB98454F)	1.023	-0.533	-0.567	-83.801	-139.343	-8.057	12.19	-68.24	149.47	-19.404	-13.034	-17.346	-0.16541	-0.51080	0.05789	-0.84158	24.3	13111	100
2024-11-4 13:35:47.54	WT901BLE68(B2C0FB98454F)	0.881	0.017	0.070	-99.182	-107.544	-12.756	20.00	-79.54	134.56	-19.404	-13.034	-17.346	-0.20438	-0.65262	0.14148	-0.71570	24.3	13111	100
2024-11-4 13:35:47.114	WT901BLE68(B2C0FB98454F)	0.942	0.106	0.021	-65.002	-91.003	-17.578	79.62	-84.74	66.62	-19.404	-13.034	-17.346	-0.20438	-0.65262	0.14148	-0.71570	24.3	13111	100
2024-11-4 13:35:47.234	WT901BLE68(B2C0FB98454F)	0.984	0.053	0.130	-35.583	-62.012	-23.071	129.55	-80.67	11.25	-23.618	-11.858	-8.624	-0.20438	-0.65262	0.14148	-0.71570	24.3	13111	100
2024-11-4 13:35:47.324	WT901BLE68(B2C0FB98454F)	1.359	0.148	-0.146	-20.935	-33.081	-22.278	136.34	-75.88	2.01	-23.618	-11.858	-8.624	-0.20438	-0.65262	0.14148	-0.71570	24.3	13111	100
2024-11-4 13:35:47.444	WT901BLE68(B2C0FB98454F)	1.171	-0.009	0.068	-54.749	-12.695	-14.648	133.46	-73.20	1.86	-23.618	-11.858	-8.624	-0.31018	-0.73834	0.22394	-0.55530	24.3	13111	100
2024-11-4 13:35:47.564	WT901BLE68(B2C0FB98454F)	1.327	0.121	-0.046	68.176	173.523	15.564	108.41	-78.01	28.49	-23.618	-11.858	-8.624	-0.31018	-0.73834	0.22394	-0.55530	24.3	13111	100
2024-11-4 13:35:47.654	WT901BLE68(B2C0FB98454F)	0.744	0.208	0.149	43.640	183.716	73.975	28.30	-72.80	115.59	-20.874	-12.838	-18.228	-0.31018	-0.73834	0.22394	-0.55530	24.3	13111	100
2024-11-4 13:35:47.715	WT901BLE68(B2C0FB98454F)	0.245	0.229	0.157	91.797	160.461	62.134	8.33	-57.55	146.41	-20.874	-12.838	-18.228	-0.31018	-0.73834	0.22394	-0.55530	24.3	13111	100
2024-11-4 13:35:47.864	WT901BLE68(B2C0FB98454F)	0.823	0.096	0.183	40.161	-8.972	33.325	4.96	-53.63	153.21	-20.874	-12.838	-18.228	-0.18149	-0.46927	0.06964	-0.86133	24.3	13111	100
2024-11-4 13:35:47.928	WT901BLE68(B2C0FB98454F)	0.434	0.192	0.758	10.681	-104.797	-11.292	6.95	-61.68	150.22	-20.874	-12.838	-18.228	-0.18149	-0.46927	0.06964	-0.86133	24.3	13111	100
2024-11-4 13:35:48.44	WT901BLE68(B2C0FB98454F)	0.690	0.000	0.886	62.073	28.137	28.809	9.71	-60.31	151.57	-18.914	-15.190	-20.874	-0.18149	-0.46927	0.06964	-0.86133	24.3	13111	100
2024-11-4 13:35:48.134	WT901BLE68(B2C0FB98454F)	0.804	0.958	-0.056	-55.176	-50.293	-13.611	5.15	-63.45	156.18	-18.914	-15.190	-20.874	-0.18149	-0.46927	0.06964	-0.86133	24.3	13111	100
2024-11-4 13:35:48.314	WT901BLE68(B2C0FB98454F)	0.860	0.336	0.283	-53.223	-125.427	2.075	8.38	-74.03	146.93	-18.914	-15.190	-20.874	-0.18832	-0.61401	0.12839	-0.75558	24.3	13111	100
2024-11-4 13:35:48.343	WT901BLE68(B2C0FB98454F)	0.895	-0.022	-0.041	-49.011	-95.520	-18.616	34.77	-84.75	111.15	-18.914	-15.190	-20.874	-0.18832	-0.61401	0.12839	-0.75558	24.3	13111	100
2024-11-4 13:35:48.553	WT901BLE68(B2C0FB98454F)	1.130	0.105	-0.074	-55.542	-77.515	-30.945	131.42	-82.76	7.48	-24.794	-15.778	-11.270	-0.18832	-0.61401	0.12839	-0.75558	24.3	13111	100
2024-11-4 13:35:48.584	WT901BLE68(B2C0FB98454F)	1.459	0.070	0.025	-40.894	-60.059	-32.104	141.34	-75.33	-6.47	-24.794	-15.778	-11.270	-0.18832	-0.61401	0.12839	-0.75558	24.3	13111	100
2024-11-4 13:35:48.644	WT901BLE68(B2C0FB98454F)	1.224	0.032	0.092	-46.631	-4.944	-10.498	138.39	-71.84	-6.52	-24.794	-15.778	-11.270	-0.32208	-0.73450	0.25089	-0.54199	24.3	13111	100
2024-11-4 13:35:48.734	WT901BLE68(B2C0FB98454F)	1.369	0.231	-0.081	90.637	206.787	28.748	114.14	-78.60	19.90	-24.794	-15.778	-11.270	-0.32208	-0.73450	0.25089	-0.54199	24.3	13111	100
2024-11-4 13:35:48.854	WT901BLE68(B2C0FB98454F)	0.703	0.056	-0.089	64.941	170.532	141.541	21.30	-74.83	119.01	-21.168	-17.836	-18.228	-0.32208	-0.73450	0.25089	-0.54199	24.3	13111	100
2024-11-4 13:35:48.943	WT901BLE68(B2C0FB98454F)	0.259	0.188	0.146	83.984	145.508	42.786	4.98	-58.29	146.99	-21.168	-17.836	-18.228	-0.32208	-0.73450	0.25089	-0.54199	24.3	13111	100
2024-11-4 13:35:49.65	WT901BLE68(B2C0FB98454F)	1.251	0.137	0.141	10.132	-29.419	11.841	4.21	-54.26	151.12	-21.168	-17.836	-18.228	-0.20407	-0.46704	0.08466	-0.85611	24.3	13111	100
2024-11-4 13:35:49.124	WT901BLE68(B2C0FB98454F)	0.428	0.075	0.980	33.997	-122.925	-12.085	6.80	-63.47	148.04	-21.168	-17.836	-18.228	-0.20407	-0.46704	0.08466	-0.85611	24.3	13111	100
2024-11-4 13:35:49.244	WT901BLE68(B2C0FB98454F)	1.093	0.286	0.487	89.844	12.268	26.306	8.09	-61.26	152.59	-20.384	-19.012	-18.130	-0.20407	-0.46704	0.08466	-0.85611	24.3	13111	100
2024-11-4 13:35:49.364	WT901BLE68(B2C0FB98454F)	0.873	-0.062	0.100	21.301	-40.527	-28.259	7.90	-62.56	152.68	-20.384	-19.012	-18.130	-0.20407	-0.46704	0.08466	-0.85611	24.3	13111	100
2024-11-4 13:35:49.453	WT901BLE68(B2C0FB98454F)	0.843	0.363	0.182	-69.824	-133.911	0.916	4.31	-75.27	150.43	-20.384	-19.012	-18.130	-0.20590	-0.63602	0.16733	-0.72455	24.3	13111	100
2024-11-4 13:35:49.544	WT901BLE68(B2C0FB98454F)	0.850	-0.060	0.029	-56.458	-96.191	-24.109	45.36	-86.66	98.93	-20.384	-19.012	-18.130	-0.20590	-0.63602	0.16733	-0.72455	24.3	13111	100
2024-11-4 13:35:49.664	WT901BLE68(B2C0FB98454F)	1.148	0.155	0.009	-57.068	-72.754	-31.494	144.00	-82.02	-7.34	-24.500	-17.738	-10.094	-0.20590	-0.63602	0.16733	-0.72455	24.3	13111	100
2024-11-4 13:35:49.754	WT901BLE68(B2C0FB98454F)	1.394	0.109	0.063	-41.199	-55.176	-30.334	146.22	-74.60	-12.78	-24.500	-17.738	-10.094	-0.20590	-0.63602	0.16733	-0.72455	24.3	13111	100
2024-11-4 13:35:49.904	WT901BLE68(B2C0FB98454F)	1.219	0.008	0.062	-55.481	-5.493	-8.545	141.10	-72.24	-11.13	-24.500	-17.738	-10.094	-0.32455	-0.72900	0.27087	-0.53830	24.3	13111	100
2024-11-4 13:35:49.933	WT901BLE68(B2C0FB98454F)	1.401	0.172	-0.167	92.285	208.130	25.208	107.24	-80.76	25.44	-24.500	-17.738	-10.094	-0.32455	-0.72900	0.27087	-0.53830	24.3	13111	100
2024-11-4 13:35:50.54	WT901BLE68(B2C0FB98454F)	0.734	-0.050	-0.103	53.528	152.039	141.174	12.39	-74.49	124.71	-19.404	-18.424	-19.796	-0.32455	-0.72900	0.27087	-0.53830	24.3	13111	100
2024-11-4 13:35:50.173	WT901BLE68(B2C0FB98454F)	0.284	0.115	0.142	82.642	138.367	44.495	2.69	-57.88	145.96	-19.404	-18.424	-19.796	-0.32455	-0.72900	0.27087	-0.53830	24.3	13111	100
2024-11-4 13:35:50.269	WT901BLE68(B2C0FB98454F)	1.176	0.102	0.171	25.024	-27.222	17.151	2.96	-55.62	149.77	-19.404	-18.424	-19.796	-0.21158	-0.49072	0.10422	-0.83871	24.3	13111	100
2024-11-4 13:35:50.354	WT901BLE68(B2C0FB98454F)	0.415	0.166	0.777	12.573	-110.535	-16.541	5.77	-64.56	147.42	-19.404	-18.424	-19.796	-0.21158	-0.49072	0.10422	-0.83871	24.3	13111	100
2024-11-4 13:35:50.473	WT901BLE68(B2C0FB98454F)	0.759	0.148	0.703	72.815	15.259	26.245	7.68	-60.89	151.06	-19.404	-20.678	-16.954	-0.21158	-0.49072	0.10422	-0.83871	24.3	13111	100
2024-11-4 13:35:50.534	WT901BLE68(B2C0FB98454F)	0.755	0.398	0.461	31.433	-29.419	-34.851	7.80	-62.73	150.79	-19.404	-20.678	-16.954	-0.21158	-0.49072	0.10422	-0.83871	24.3	13111	100
2024-11-4 13:35:50.654	WT901BLE68(B2C0FB98454F)	0.870	0.459	0.357	-46.753	-124.390	0.305	3.04	-75.63	149.71	-19.404	-20.678	-16.954	-0.21411	-0.62384	0.17123	-0.73181	24.3	13111	100
2024-11-4 13:35:50.744	WT901BLE68(B2C0FB98454F)	0.915	-0.047	0.037	-49.683	-95.520	-18.433	30.90	-86.28	111.68	-19.404	-20.678	-16.954	-0.21411	-0.62384	0.17123	-0.73181	24.3	13111	100
2024-11-4 13:35:50.864	WT901BLE68(B2C0FB98454F)	1.148	0.161	0.012	-31.921	-81.909	-37.781	143.48	-82.57	-6.84	-22.932	-20.090	-8.232	-0.21411	-0.62384	0.17123	-0.73181	24.3	13111	100
2024-11-4 13:35:50.953	WT901BLE68(B2C0FB98454F)	1.426	-0.023	-0.021	-43.884	-39.185	-27.588	146.21	-75.23	-12.07	-22.932	-20.090	-8.232	-0.21411	-0.62384	0.17123	-0.73181	24.3	13111	100
2024-11-4 13:35:51.74	WT901BLE68(B2C0FB98454F)	1.316	-0.083	0.104	-35.706	0.732	-6.042	141.28	-73.09	-9.40	-22.932	-20.090	-8.232	-0.30978	-0.72397	0.25107	-0.56277	24.3	13111	100
2024-11-4 13:35:51.168	WT901BLE68(B2C0FB98454F)	1.379	0.304	-0.071	103.943	218.140	27.588	107.79	-81.43	28.99	-22.932	-20.090	-8.232	-0.30978	-0.72397	0.25107	-0.56277	24.3	13111	100
2024-11-4 13:35:51.284	WT901BLE68(B2C0FB98454F)	0.672	0.023	-0.196	88.501	167.542	144.531	9.31	-73.78	134.12	-21.756	-20.188	-15.288	-0.30978	-0.72397	0.25107	-0.56277	24.3	13111	100
2024-11-4 13:35:51.344	WT901BLE68(B2C0FB98454F)	0.251	0.078	0.151	73.486	120.361	47.485	0.52	-56.76	155.40	-21.756	-20.188	-15.288	-0.30978	-0.72397	0.25107	-0.56277	24.3	13111	100
2024-11-4 13:35:51.495	WT901BLE68(B2C0FB98454F)	1.671	0.109	0.189	0.305	-54.077	11.841	0.20	-55.37	158.90	-21.756	-20.188	-15.288	-0.15988	-0.48706	0.08719	-0.85410	24.3	13111	100
2024-11-4 13:35:51.554	WT901BLE68(B2C0FB98454F)	0.701	0.092	1.034	32.288	-98.267	-19.775	3.19	-64.92	156.58	-21.756	-20.188	-15.288	-0.15988	-0.48706	0.08719	-0.85410	24.3	13111	100
2024-11-4 13:35:51.673	WT901BLE68(B2C0FB98454F)	0.968	0.162	0.440	67.993	-23.010	17.822	5.06	-61.25	161.61	-25.186	-18.816	-13.426	-0.15988	-0.48706	0.08719	-0.85410	24.3	13111	100
2024-11-4 13:35:51.771	WT901BLE68(B2C0FB98454F)	0.686	-0.230	0.052	17.700	-51.453	-34.485	4.34	-64.64	162.09	-25.186	-18.816	-13.426	-0.15988	-0.48706	0.08719	-0.85410	24.3	13111	100
2024-11-4 13:35:51.883	WT901BLE68(B2C0FB98454F)	0.898	0.493	0.101	-106.873	-122.498	-1.160	-7.37	-77.59	167.62	-25.186	-18.816	-13.426	-0.16830	-0.65189	0.15982	-0.72183	24.3	13111	100
2024-11-4 13:35:51.944	WT901BLE68(B2C0FB98454F)	0.948	-0.233	0.003	-67.993	-85.999	-19.714	7.62	-87.57	141.29	-25.186	-18.816	-13.426	-0.16830	-0.65189	0.15982	-0.72183	24.3	13111	100
2024-11-4 13:35:52.64	WT901BLE68(B2C0FB98454F)	1.105	0.157	0.056	-42.603	-77.515	-31.250	158.64	-83.20	-15.00	-27.244	-19.992	-4.116	-0.16830	-0.65189	0.15982	-0.72183	24.3	13111	100
2024-11-4 13:35:52.154	WT901BLE68(B2C0FB98454F)	1.371	0.059	0.061	-45.349	-40.100	-28.931	152.61	-76.88	-11.43	-27.244	-19.992	-4.116	-0.16830	-0.65189	0.15982	-0.72183	24.3	13111	100
2024-11-4 13:35:52.273	WT901BLE68(B2C0FB98454F)	1.164	-0.043	0.065	-46.631	0.916	-12.329	144.77	-75.04	-5.30	-27.244	-19.992	-4.116	-0.25885	-0.70993	0.19345	-0.62567	24.3	13111	100
2024-11-4 13:35:52.371	WT901BLE68(B2C0FB98454F)	1.218	0.064	-0.183	106.873	203.186	13.123	98.79	-82.78	45.63	-27.244	-19.992	-4.116	-0.25885	-0.70993	0.19345	-0.62567	24.3	13111	100
2024-11-4 13:35:52.483	WT901BLE68(B2C0FB98454F)	0.741	0.068	0.034	59.570	134.460	85.632	11.98	-73.70	137.80	-26.264	-18.718	-16.954	-0.25885	-0.70993	0.19345	-0.62567	24.3	13111	100
