time	DeviceName	AccX(g)	AccY(g)	AccZ(g)	AsX(°/s)	AsY(°/s)	AsZ(°/s)	AngleX(°)	AngleY(°)	AngleZ(°)	HX(uT)	HY(uT)	HZ(uT)	Q0()	Q1()	Q2()	Q3()	Temperature(°C)	Version()	Battery level(%)
2024-10-24 22:43:13.416	WT901BLE68(B2C0FB98454F)	-0.498	-0.865	0.039	6.042	-6.409	2.319	-87.00	32.83	-53.98	17.248	45.864	0.980	-0.70416	0.50128	-0.48315	0.13892	23.1	13111	100
2024-10-24 22:43:13.536	WT901BLE68(B2C0FB98454F)	-0.525	-0.880	0.046	-4.639	4.089	-3.296	-87.04	32.62	-55.28	17.346	45.962	-0.098	-0.70416	0.50128	-0.48315	0.13892	23.1	13111	100
2024-10-24 22:43:13.595	WT901BLE68(B2C0FB98454F)	-0.529	-0.848	0.070	-6.775	-9.399	-0.549	-87.45	32.35	-56.04	17.346	45.962	-0.098	-0.70416	0.50128	-0.48315	0.13892	23.1	13111	100
2024-10-24 22:43:13.716	WT901BLE68(B2C0FB98454F)	-0.542	-0.869	0.075	-4.578	-0.061	3.052	-87.58	32.43	-56.37	17.346	45.962	-0.098	-0.70087	0.49106	-0.49292	0.15665	23.1	13111	100
2024-10-24 22:43:13.806	WT901BLE68(B2C0FB98454F)	-0.526	-0.861	0.030	-10.620	2.502	6.836	-88.08	32.77	-56.84	17.346	45.962	-0.098	-0.70087	0.49106	-0.49292	0.15665	23.1	13111	100
2024-10-24 22:43:13.928	WT901BLE68(B2C0FB98454F)	-0.553	-0.864	0.085	-9.033	-7.385	8.484	-88.40	33.38	-57.06	18.424	45.570	1.862	-0.70087	0.49106	-0.49292	0.15665	23.1	13111	100
2024-10-24 22:43:14.17	WT901BLE68(B2C0FB98454F)	-0.476	-0.825	0.123	2.808	4.883	11.108	-88.26	34.17	-56.80	18.424	45.570	1.862	-0.70087	0.49106	-0.49292	0.15665	23.1	13111	100
2024-10-24 22:43:14.138	WT901BLE68(B2C0FB98454F)	-0.645	-0.856	0.196	4.639	-19.287	22.217	-87.03	35.66	-55.34	18.424	45.570	1.862	-0.71848	0.47839	-0.49164	0.11453	23.1	13111	100
2024-10-24 22:43:14.227	WT901BLE68(B2C0FB98454F)	-0.548	-0.883	0.004	-9.644	-18.616	20.813	-84.80	37.35	-50.15	18.424	45.570	1.862	-0.71848	0.47839	-0.49164	0.11453	23.1	13111	100
2024-10-24 22:43:14.348	WT901BLE68(B2C0FB98454F)	-0.516	-0.822	0.136	-33.081	8.362	24.536	-87.74	39.31	-49.13	25.284	40.964	6.076	-0.71848	0.47839	-0.49164	0.11453	23.1	13111	100
2024-10-24 22:43:14.407	WT901BLE68(B2C0FB98454F)	-0.877	-0.860	0.026	-36.621	-4.028	31.555	-90.35	41.70	-46.57	25.284	40.964	6.076	-0.71848	0.47839	-0.49164	0.11453	23.1	13111	100
2024-10-24 22:43:14.527	WT901BLE68(B2C0FB98454F)	-0.718	-0.665	-0.134	-26.245	62.927	4.456	-95.62	42.17	-47.08	25.284	40.964	6.076	-0.65375	0.55115	-0.51825	0.01346	23.1	13111	100
2024-10-24 22:43:14.616	WT901BLE68(B2C0FB98454F)	-0.637	-1.011	-0.332	-8.484	63.599	-45.410	-105.35	38.69	-55.83	25.284	40.964	6.076	-0.65375	0.55115	-0.51825	0.01346	23.1	13111	100
2024-10-24 22:43:14.737	WT901BLE68(B2C0FB98454F)	-0.626	-0.826	-0.143	14.771	-41.443	-88.440	-103.73	29.67	-55.20	14.700	38.416	18.718	-0.65375	0.55115	-0.51825	0.01346	23.1	13111	100
2024-10-24 22:43:14.827	WT901BLE68(B2C0FB98454F)	-1.971	-0.565	-0.072	-31.128	-135.437	-70.068	-100.04	24.28	-38.64	14.700	38.416	18.718	-0.65375	0.55115	-0.51825	0.01346	23.1	13111	100
2024-10-24 22:43:14.948	WT901BLE68(B2C0FB98454F)	-0.026	-1.494	-0.590	-135.559	6.104	-13.184	-104.64	22.71	-23.98	14.700	38.416	18.718	-0.55939	0.77203	-0.30106	-0.01773	23.1	13111	100
2024-10-24 22:43:15.7	WT901BLE68(B2C0FB98454F)	-0.617	-1.323	-0.200	65.247	127.014	-20.630	-113.49	20.10	-32.92	14.700	38.416	18.718	-0.55939	0.77203	-0.30106	-0.01773	23.1	13111	100
2024-10-24 22:43:15.128	WT901BLE68(B2C0FB98454F)	-0.080	-0.331	-0.704	-24.048	8.057	24.414	-120.57	20.11	-30.66	9.898	25.088	37.632	-0.55939	0.77203	-0.30106	-0.01773	23.1	13111	100
2024-10-24 22:43:15.217	WT901BLE68(B2C0FB98454F)	-0.297	-0.645	-0.605	-74.463	-26.245	2.197	-124.35	20.32	-31.84	9.898	25.088	37.632	-0.55939	0.77203	-0.30106	-0.01773	23.1	13111	100
2024-10-24 22:43:15.338	WT901BLE68(B2C0FB98454F)	-0.479	-0.756	-0.527	-67.749	-25.391	-27.832	-130.25	20.48	-27.71	9.898	25.088	37.632	-0.41934	0.86469	-0.26700	-0.07120	23.1	13111	100
2024-10-24 22:43:15.426	WT901BLE68(B2C0FB98454F)	-0.593	-0.483	-0.506	-33.020	-25.940	23.926	-135.24	20.88	-24.35	9.898	25.088	37.632	-0.41934	0.86469	-0.26700	-0.07120	23.1	13111	100
2024-10-24 22:43:15.548	WT901BLE68(B2C0FB98454F)	-0.530	-0.842	-0.680	-9.216	27.283	40.466	-137.92	23.58	-25.56	12.348	11.074	46.060	-0.41934	0.86469	-0.26700	-0.07120	23.1	13111	100
2024-10-24 22:43:15.638	WT901BLE68(B2C0FB98454F)	-0.145	-0.895	-0.863	-8.545	7.324	53.223	-139.99	24.04	-30.69	12.348	11.074	46.060	-0.41934	0.86469	-0.26700	-0.07120	23.1	13111	100
2024-10-24 22:43:15.758	WT901BLE68(B2C0FB98454F)	-0.515	-0.334	-0.296	90.027	-1.221	14.648	-139.15	27.43	-32.35	12.348	11.074	46.060	-0.45758	0.81790	-0.32877	-0.11597	23.1	13111	100
2024-10-24 22:43:15.817	WT901BLE68(B2C0FB98454F)	-0.864	-0.545	0.215	276.184	-121.521	34.668	-119.53	32.20	-26.65	12.348	11.074	46.060	-0.45758	0.81790	-0.32877	-0.11597	23.1	13111	100
2024-10-24 22:43:15.938	WT901BLE68(B2C0FB98454F)	-1.216	-1.256	0.535	405.884	-132.507	33.264	-72.59	39.20	-8.57	30.282	35.476	-11.760	-0.45758	0.81790	-0.32877	-0.11597	23.1	13111	100
2024-10-24 22:43:16.28	WT901BLE68(B2C0FB98454F)	-0.163	-0.708	0.099	254.883	-92.773	56.335	-32.40	35.08	10.15	30.282	35.476	-11.760	-0.45758	0.81790	-0.32877	-0.11597	23.1	13111	100
2024-10-24 22:43:16.148	WT901BLE68(B2C0FB98454F)	-1.275	-0.821	1.002	37.170	-9.277	-20.020	-8.72	38.59	8.51	30.282	35.476	-11.760	-0.93979	0.07626	-0.32318	-0.08029	23.1	13111	100
2024-10-24 22:43:16.238	WT901BLE68(B2C0FB98454F)	-0.440	0.037	0.830	-65.308	69.031	63.660	-7.39	38.46	13.16	30.282	35.476	-11.760	-0.93979	0.07626	-0.32318	-0.08029	23.1	13111	100
2024-10-24 22:43:16.358	WT901BLE68(B2C0FB98454F)	-0.811	-0.254	0.532	54.077	79.956	-3.906	-4.80	47.47	9.89	39.592	18.620	-36.946	-0.93979	0.07626	-0.32318	-0.08029	23.1	13111	100
2024-10-24 22:43:16.417	WT901BLE68(B2C0FB98454F)	-0.717	-0.008	0.419	15.259	-20.813	5.432	-5.30	47.13	10.46	39.592	18.620	-36.946	-0.93979	0.07626	-0.32318	-0.08029	23.1	13111	100
2024-10-24 22:43:16.538	WT901BLE68(B2C0FB98454F)	-0.623	-0.232	0.757	-16.541	-66.711	3.418	-3.99	43.31	8.77	39.592	18.620	-36.946	-0.93558	0.06216	-0.33908	-0.07565	23.1	13111	100
2024-10-24 22:43:16.628	WT901BLE68(B2C0FB98454F)	-0.676	-0.070	0.830	7.080	-29.846	19.226	-4.08	39.14	7.83	39.592	18.620	-36.946	-0.93558	0.06216	-0.33908	-0.07565	23.1	13111	100
2024-10-24 22:43:16.748	WT901BLE68(B2C0FB98454F)	-0.326	0.050	0.505	63.599	64.270	19.592	0.64	40.88	9.10	39.984	11.858	-42.042	-0.93558	0.06216	-0.33908	-0.07565	23.1	13111	100
2024-10-24 22:43:16.838	WT901BLE68(B2C0FB98454F)	-1.131	-0.302	0.742	43.274	18.005	19.226	10.68	46.70	14.01	39.984	11.858	-42.042	-0.93558	0.06216	-0.33908	-0.07565	23.1	13111	100
2024-10-24 22:43:16.957	WT901BLE68(B2C0FB98454F)	-0.754	0.504	0.970	-8.667	-44.312	31.250	11.69	42.01	18.01	39.984	11.858	-42.042	-0.92383	-0.05408	-0.36139	-0.11356	23.1	13111	100
2024-10-24 22:43:17.48	WT901BLE68(B2C0FB98454F)	-0.516	0.301	0.911	31.372	9.521	20.630	16.54	40.99	20.12	39.984	11.858	-42.042	-0.92383	-0.05408	-0.36139	-0.11356	23.1	13111	100
2024-10-24 22:43:17.168	WT901BLE68(B2C0FB98454F)	-0.573	0.221	0.685	21.851	2.502	19.165	20.74	41.49	22.01	41.160	1.372	-44.786	-0.92383	-0.05408	-0.36139	-0.11356	23.1	13111	100
2024-10-24 22:43:17.228	WT901BLE68(B2C0FB98454F)	-0.720	0.277	0.650	23.071	7.935	13.184	23.07	40.83	23.32	41.160	1.372	-44.786	-0.92383	-0.05408	-0.36139	-0.11356	23.1	13111	100
2024-10-24 22:43:17.348	WT901BLE68(B2C0FB98454F)	-0.564	0.264	0.626	24.841	-4.883	12.085	25.78	40.09	24.24	41.160	1.372	-44.786	-0.91119	-0.14709	-0.36676	-0.11606	23.1	13111	100
2024-10-24 22:43:17.438	WT901BLE68(B2C0FB98454F)	-0.792	0.288	0.725	9.399	-13.000	9.460	27.71	39.03	24.38	41.160	1.372	-44.786	-0.91119	-0.14709	-0.36676	-0.11606	23.1	13111	100
2024-10-24 22:43:17.558	WT901BLE68(B2C0FB98454F)	-0.643	0.521	0.772	-4.028	-8.911	4.089	27.36	37.29	23.53	40.082	-3.724	-47.040	-0.91119	-0.14709	-0.36676	-0.11606	23.1	13111	100
2024-10-24 22:43:17.648	WT901BLE68(B2C0FB98454F)	-0.688	0.352	0.729	6.775	1.099	0.305	28.00	37.18	23.21	40.082	-3.724	-47.040	-0.91119	-0.14709	-0.36676	-0.11606	23.1	13111	100
2024-10-24 22:43:17.768	WT901BLE68(B2C0FB98454F)	-0.701	0.404	0.802	1.160	3.235	-2.380	28.02	37.69	22.83	40.082	-3.724	-47.040	-0.91599	-0.15787	-0.35376	-0.10406	23.1	13111	100
2024-10-24 22:43:17.828	WT901BLE68(B2C0FB98454F)	-0.792	0.441	0.844	-13.855	7.935	-10.681	26.98	38.27	22.26	40.082	-3.724	-47.040	-0.91599	-0.15787	-0.35376	-0.10406	23.1	13111	100
2024-10-24 22:43:17.948	WT901BLE68(B2C0FB98454F)	-0.737	0.416	0.830	-20.386	18.066	-19.897	24.92	39.74	21.23	41.650	-0.392	-44.786	-0.91599	-0.15787	-0.35376	-0.10406	23.1	13111	100
2024-10-24 22:43:18.38	WT901BLE68(B2C0FB98454F)	-0.773	0.263	0.828	-1.831	22.156	-27.771	23.47	43.12	19.71	41.650	-0.392	-44.786	-0.91599	-0.15787	-0.35376	-0.10406	23.1	13111	100
2024-10-24 22:43:18.157	WT901BLE68(B2C0FB98454F)	-0.570	0.271	0.514	-33.630	-8.850	-30.640	17.30	42.80	15.26	41.650	-0.392	-44.786	-0.92245	-0.06970	-0.37637	-0.04938	23.1	13111	100
2024-10-24 22:43:18.248	WT901BLE68(B2C0FB98454F)	-0.319	0.195	0.477	-46.509	-7.385	-22.522	11.91	43.37	10.26	41.650	-0.392	-44.786	-0.92245	-0.06970	-0.37637	-0.04938	23.1	13111	100
2024-10-24 22:43:18.367	WT901BLE68(B2C0FB98454F)	-0.383	0.122	0.422	22.278	25.696	0.671	11.25	45.16	8.79	41.748	7.350	-42.042	-0.92245	-0.06970	-0.37637	-0.04938	23.1	13111	100
2024-10-24 22:43:18.458	WT901BLE68(B2C0FB98454F)	-0.832	-0.001	0.433	35.645	1.160	26.489	15.94	46.23	11.10	41.748	7.350	-42.042	-0.92245	-0.06970	-0.37637	-0.04938	23.1	13111	100
2024-10-24 22:43:18.578	WT901BLE68(B2C0FB98454F)	-0.814	0.372	0.781	0.366	-25.574	28.137	19.25	43.57	14.08	41.748	7.350	-42.042	-0.91544	-0.12381	-0.37833	-0.05835	23.1	13111	100
2024-10-24 22:43:18.638	WT901BLE68(B2C0FB98454F)	-0.749	0.371	0.839	18.005	-0.549	25.757	23.41	42.56	16.73	41.748	7.350	-42.042	-0.91544	-0.12381	-0.37833	-0.05835	23.1	13111	100
2024-10-24 22:43:18.758	WT901BLE68(B2C0FB98454F)	-0.683	0.411	0.715	11.414	-2.991	20.081	26.82	40.94	18.99	41.748	7.350	-42.042	-0.91544	-0.12381	-0.37833	-0.05835	23.1	13111	100
2024-10-24 22:43:18.848	WT901BLE68(B2C0FB98454F)	-0.739	0.339	0.734	2.441	-19.409	18.127	28.72	39.53	20.13	41.552	-3.038	-44.884	-0.91544	-0.12381	-0.37833	-0.05835	23.1	13111	100
2024-10-24 22:43:18.967	WT901BLE68(B2C0FB98454F)	-0.741	0.468	0.769	4.333	-4.639	5.005	29.48	38.18	20.30	41.552	-3.038	-44.884	-0.91425	-0.18304	-0.35315	-0.07626	23.1	13111	100
2024-10-24 22:43:19.58	WT901BLE68(B2C0FB98454F)	-0.719	0.447	0.820	-0.916	-0.366	-3.174	29.73	38.19	19.87	41.552	-3.038	-44.884	-0.91425	-0.18304	-0.35315	-0.07626	23.1	13111	100
2024-10-24 22:43:19.179	WT901BLE68(B2C0FB98454F)	-0.749	0.416	0.836	-8.057	5.127	-11.963	29.26	39.28	19.26	41.454	-2.842	-45.080	-0.91425	-0.18304	-0.35315	-0.07626	23.1	13111	100
2024-10-24 22:43:19.239	WT901BLE68(B2C0FB98454F)	-0.791	0.410	0.812	-22.217	0.732	-21.240	26.65	40.39	17.64	41.454	-2.842	-45.080	-0.91425	-0.18304	-0.35315	-0.07626	23.1	13111	100
2024-10-24 22:43:19.358	WT901BLE68(B2C0FB98454F)	-0.618	0.396	0.712	-18.066	18.311	-30.273	22.75	42.31	14.92	41.454	-2.842	-45.080	-0.91425	-0.18304	-0.35315	-0.07626	23.1	13111	100
2024-10-24 22:43:19.448	WT901BLE68(B2C0FB98454F)	-0.621	0.114	0.610	-29.724	8.545	-31.433	18.50	44.82	11.57	41.454	-2.842	-45.080	-0.91409	-0.10852	-0.38925	-0.03162	23.1	13111	100
2024-10-24 22:43:19.568	WT901BLE68(B2C0FB98454F)	-0.375	0.142	0.473	-30.701	0.122	-18.494	12.88	45.15	8.01	41.454	-2.842	-45.080	-0.91409	-0.10852	-0.38925	-0.03162	23.1	13111	100
2024-10-24 22:43:19.658	WT901BLE68(B2C0FB98454F)	-0.412	0.042	0.396	18.433	18.494	0.732	12.45	46.87	7.07	42.042	7.938	-41.356	-0.91409	-0.10852	-0.38925	-0.03162	23.1	13111	100
2024-10-24 22:43:19.778	WT901BLE68(B2C0FB98454F)	-0.831	0.003	0.463	23.560	-12.695	24.719	16.13	46.69	9.36	42.042	7.938	-41.356	-0.91565	-0.10947	-0.38553	-0.02963	23.1	13111	100
2024-10-24 22:43:19.958	WT901BLE68(B2C0FB98454F)	-0.734	0.265	0.682	22.583	-6.165	23.254	18.98	44.22	11.51	42.042	7.938	-41.356	-0.91565	-0.10947	-0.38553	-0.02963	23.1	13111	100
2024-10-24 22:43:19.993	WT901BLE68(B2C0FB98454F)	-0.711	0.347	0.720	14.648	-5.249	28.625	23.92	42.85	14.70	42.042	7.938	-41.356	-0.91565	-0.10947	-0.38553	-0.02963	23.1	13111	100
2024-10-24 22:43:20.49	WT901BLE68(B2C0FB98454F)	-0.723	0.253	0.749	19.409	-12.451	20.935	27.19	41.53	16.95	42.140	-2.058	-44.100	-0.91565	-0.10947	-0.38553	-0.02963	23.1	13111	100
2024-10-24 22:43:20.168	WT901BLE68(B2C0FB98454F)	-0.636	0.452	0.705	14.648	-4.456	12.939	29.00	39.75	18.11	42.140	-2.058	-44.100	-0.91565	-0.10947	-0.38553	-0.02963	23.1	13111	100
2024-10-24 22:43:20.258	WT901BLE68(B2C0FB98454F)	-0.734	0.466	0.684	4.822	0.000	3.540	30.39	39.24	18.51	42.140	-2.058	-44.100	-0.91153	-0.19037	-0.35944	-0.05991	23.1	13111	100
2024-10-24 22:43:20.378	WT901BLE68(B2C0FB98454F)	-0.734	0.480	0.843	-3.784	-2.441	-3.174	29.93	38.64	17.95	42.140	-2.058	-44.100	-0.91153	-0.19037	-0.35944	-0.05991	23.1	13111	100
2024-10-24 22:43:20.468	WT901BLE68(B2C0FB98454F)	-0.811	0.494	0.841	-15.137	0.854	-11.658	28.87	39.07	17.19	41.062	-4.214	-45.668	-0.91153	-0.19037	-0.35944	-0.05991	23.1	13111	100
2024-10-24 22:43:20.588	WT901BLE68(B2C0FB98454F)	-0.748	0.414	0.788	-21.362	9.399	-26.672	26.15	40.29	15.66	41.062	-4.214	-45.668	-0.91153	-0.19037	-0.35944	-0.05991	23.1	13111	100
2024-10-24 22:43:20.648	WT901BLE68(B2C0FB98454F)	-0.606	0.242	0.735	-17.151	15.808	-32.104	22.50	42.85	13.20	41.062	-4.214	-45.668	-0.91501	-0.13220	-0.37970	-0.03165	23.1	13111	100
2024-10-24 22:43:20.768	WT901BLE68(B2C0FB98454F)	-0.550	0.033	0.594	-24.719	8.972	-29.358	17.81	45.31	9.87	41.062	-4.214	-45.668	-0.91501	-0.13220	-0.37970	-0.03165	23.1	13111	100
2024-10-24 22:43:20.858	WT901BLE68(B2C0FB98454F)	-0.341	0.137	0.460	-19.714	-0.122	-17.395	12.38	45.89	6.37	42.042	6.566	-41.650	-0.91501	-0.13220	-0.37970	-0.03165	23.1	13111	100
2024-10-24 22:43:20.978	WT901BLE68(B2C0FB98454F)	-0.471	0.046	0.371	19.043	18.799	8.667	12.39	47.46	5.77	42.042	6.566	-41.650	-0.91501	-0.13220	-0.37970	-0.03165	23.1	13111	100
2024-10-24 22:43:21.68	WT901BLE68(B2C0FB98454F)	-0.823	0.059	0.535	9.399	-29.663	20.142	15.61	46.53	8.03	42.042	6.566	-41.650	-0.91284	-0.09650	-0.39645	-0.01233	23.1	13111	100
2024-10-24 22:43:21.248	WT901BLE68(B2C0FB98454F)	-0.729	0.329	0.736	22.278	-10.132	29.541	18.12	43.20	10.43	42.042	6.566	-41.650	-0.91284	-0.09650	-0.39645	-0.01233	23.1	13111	100
2024-10-24 22:43:21.278	WT901BLE68(B2C0FB98454F)	-0.733	0.268	0.793	23.193	-3.235	27.832	23.35	42.05	13.60	41.846	0.686	-44.002	-0.91284	-0.09650	-0.39645	-0.01233	23.1	13111	100
2024-10-24 22:43:21.397	WT901BLE68(B2C0FB98454F)	-0.791	0.386	0.761	7.874	-13.123	22.217	26.11	39.97	15.94	41.846	0.686	-44.002	-0.91284	-0.09650	-0.39645	-0.01233	23.1	13111	100
2024-10-24 22:43:21.458	WT901BLE68(B2C0FB98454F)	-0.743	0.423	0.741	8.972	-3.723	11.841	28.04	38.57	17.31	41.846	0.686	-44.002	-0.91702	-0.17953	-0.35107	-0.05914	23.1	13111	100
2024-10-24 22:43:21.578	WT901BLE68(B2C0FB98454F)	-0.729	0.404	0.764	-1.465	-6.348	-0.122	29.16	38.45	17.46	41.846	0.686	-44.002	-0.91702	-0.17953	-0.35107	-0.05914	23.1	13111	100
2024-10-24 22:43:21.668	WT901BLE68(B2C0FB98454F)	-0.715	0.484	0.797	-6.104	6.348	-7.813	28.91	38.82	17.02	41.160	-4.410	-45.570	-0.91702	-0.17953	-0.35107	-0.05914	23.1	13111	100
2024-10-24 22:43:21.788	WT901BLE68(B2C0FB98454F)	-0.822	0.440	0.800	-15.564	3.784	-16.602	27.15	39.59	16.08	41.160	-4.410	-45.570	-0.91702	-0.17953	-0.35107	-0.05914	23.1	13111	100
2024-10-24 22:43:21.878	WT901BLE68(B2C0FB98454F)	-0.665	0.426	0.829	-24.170	11.047	-28.503	23.50	41.01	13.94	41.160	-4.410	-45.570	-0.91895	-0.14346	-0.36502	-0.03973	23.1	13111	100
2024-10-24 22:43:21.997	WT901BLE68(B2C0FB98454F)	-0.592	0.182	0.697	-19.348	22.461	-35.400	19.76	44.17	11.02	41.160	-4.410	-45.570	-0.91895	-0.14346	-0.36502	-0.03973	23.1	13111	100
2024-10-24 22:43:22.58	WT901BLE68(B2C0FB98454F)	-0.546	0.028	0.579	-31.860	-9.338	-27.161	14.44	45.51	7.28	42.042	5.978	-42.238	-0.91895	-0.14346	-0.36502	-0.03973	23.1	13111	100
2024-10-24 22:43:22.178	WT901BLE68(B2C0FB98454F)	-0.325	0.145	0.428	-5.249	14.465	-12.268	10.51	45.97	4.16	42.042	5.978	-42.238	-0.91895	-0.14346	-0.36502	-0.03973	23.1	13111	100
2024-10-24 22:43:22.268	WT901BLE68(B2C0FB98454F)	-0.609	-0.047	0.294	17.151	0.122	15.930	12.75	47.30	4.83	42.042	5.978	-42.238	-0.91254	-0.08936	-0.39896	0.00317	23.1	13111	100
2024-10-24 22:43:22.388	WT901BLE68(B2C0FB98454F)	-0.677	0.134	0.635	9.277	-40.894	26.001	15.10	44.14	6.93	42.042	5.978	-42.238	-0.91254	-0.08936	-0.39896	0.00317	23.1	13111	100
2024-10-24 22:43:22.478	WT901BLE68(B2C0FB98454F)	-0.690	0.286	0.810	29.724	-3.723	30.823	19.19	42.07	9.56	41.258	3.234	-44.296	-0.91254	-0.08936	-0.39896	0.00317	23.1	13111	100
2024-10-24 22:43:22.598	WT901BLE68(B2C0FB98454F)	-0.646	0.303	0.782	22.644	-10.315	20.508	23.32	40.31	12.49	41.258	3.234	-44.296	-0.91254	-0.08936	-0.39896	0.00317	23.1	13111	100
2024-10-24 22:43:22.693	WT901BLE68(B2C0FB98454F)	-0.626	0.491	0.777	5.249	-13.977	19.653	25.39	38.07	14.26	41.258	3.234	-44.296	-0.92456	-0.16669	-0.33942	-0.04593	23.1	13111	100
2024-10-24 22:43:22.807	WT901BLE68(B2C0FB98454F)	-0.736	0.365	0.748	7.324	-4.272	8.911	27.01	36.58	15.49	41.258	3.234	-44.296	-0.92456	-0.16669	-0.33942	-0.04593	23.1	13111	100
2024-10-24 22:43:22.868	WT901BLE68(B2C0FB98454F)	-0.655	0.444	0.905	0.000	-2.625	-1.099	27.14	36.04	15.48	39.494	-4.018	-47.530	-0.92456	-0.16669	-0.33942	-0.04593	23.1	13111	100
2024-10-24 22:43:22.988	WT901BLE68(B2C0FB98454F)	-0.782	0.448	0.873	-1.465	17.395	-12.634	26.91	37.11	15.39	39.494	-4.018	-47.530	-0.92456	-0.16669	-0.33942	-0.04593	23.1	13111	100
2024-10-24 22:43:23.78	WT901BLE68(B2C0FB98454F)	-0.700	0.465	0.856	-12.207	15.991	-23.865	25.29	38.93	14.55	39.494	-4.018	-47.530	-0.92047	-0.15677	-0.35556	-0.04053	23.1	13111	100
2024-10-24 22:43:23.197	WT901BLE68(B2C0FB98454F)	-0.732	0.303	0.841	-3.235	25.391	-28.931	23.55	42.36	13.08	39.494	-4.018	-47.530	-0.92047	-0.15677	-0.35556	-0.04053	23.1	13111	100
2024-10-24 22:43:23.292	WT901BLE68(B2C0FB98454F)	-0.659	0.114	0.460	-20.935	4.028	-29.419	17.62	42.35	9.76	41.356	2.842	-44.100	-0.92047	-0.15677	-0.35556	-0.04053	23.1	13111	100
2024-10-24 22:43:23.407	WT901BLE68(B2C0FB98454F)	-0.362	0.268	0.426	-19.836	12.390	-25.391	11.85	43.47	5.30	41.356	2.842	-44.100	-0.92047	-0.15677	-0.35556	-0.04053	23.1	13111	100
2024-10-24 22:43:23.467	WT901BLE68(B2C0FB98454F)	-0.353	0.029	0.389	13.672	12.329	0.671	11.74	45.56	4.39	41.356	2.842	-44.100	-0.91721	-0.08078	-0.38998	0.00403	23.1	13111	100
2024-10-24 22:43:23.587	WT901BLE68(B2C0FB98454F)	-0.854	-0.091	0.517	27.283	-17.578	20.325	15.23	45.52	6.10	41.356	2.842	-44.100	-0.91721	-0.08078	-0.38998	0.00403	23.1	13111	100
2024-10-24 22:43:23.679	WT901BLE68(B2C0FB98454F)	-0.691	0.358	0.694	14.099	-23.865	27.954	16.94	41.50	8.41	40.670	3.920	-44.786	-0.91721	-0.08078	-0.38998	0.00403	23.1	13111	100
2024-10-24 22:43:23.797	WT901BLE68(B2C0FB98454F)	-0.705	0.361	0.760	20.508	2.258	22.949	21.63	40.22	10.78	40.670	3.920	-44.786	-0.91721	-0.08078	-0.38998	0.00403	23.1	13111	100
2024-10-24 22:43:23.892	WT901BLE68(B2C0FB98454F)	-0.699	0.354	0.767	19.043	-4.395	16.418	25.03	39.49	12.49	40.670	3.920	-44.786	-0.92075	-0.17322	-0.34802	-0.03180	23.1	13111	100
2024-10-24 22:43:24.7	WT901BLE68(B2C0FB98454F)	-0.675	0.421	0.858	-0.305	-19.348	15.869	26.97	37.67	14.28	40.670	3.920	-44.786	-0.92075	-0.17322	-0.34802	-0.03180	23.1	13111	100
2024-10-24 22:43:24.97	WT901BLE68(B2C0FB98454F)	-0.721	0.427	0.765	8.240	14.282	3.723	28.40	37.46	15.64	40.082	-4.018	-46.746	-0.92075	-0.17322	-0.34802	-0.03180	23.1	13111	100
2024-10-24 22:43:24.218	WT901BLE68(B2C0FB98454F)	-0.783	0.504	0.834	2.747	4.883	-2.686	28.87	37.69	16.02	40.082	-4.018	-46.746	-0.92075	-0.17322	-0.34802	-0.03180	23.1	13111	100
2024-10-24 22:43:24.278	WT901BLE68(B2C0FB98454F)	-0.791	0.419	0.789	-15.259	-1.831	-13.245	28.13	38.31	15.55	40.082	-4.018	-46.746	-0.91977	-0.17874	-0.34647	-0.04388	23.1	13111	100
2024-10-24 22:43:24.397	WT901BLE68(B2C0FB98454F)	-0.676	0.299	0.865	-33.264	-1.282	-30.762	25.04	39.38	13.10	40.082	-4.018	-46.746	-0.91977	-0.17874	-0.34647	-0.04388	23.1	13111	100
2024-10-24 22:43:24.492	WT901BLE68(B2C0FB98454F)	-0.542	0.242	0.791	-43.823	-2.441	-24.719	21.24	41.20	11.18	41.062	1.568	-44.982	-0.91977	-0.17874	-0.34647	-0.04388	23.1	13111	100
2024-10-24 22:43:24.607	WT901BLE68(B2C0FB98454F)	-0.558	0.091	0.582	-28.564	10.437	-30.823	16.70	43.26	8.07	41.062	1.568	-44.982	-0.91977	-0.17874	-0.34647	-0.04388	23.1	13111	100
2024-10-24 22:43:24.697	WT901BLE68(B2C0FB98454F)	-0.341	0.162	0.413	-18.066	11.719	-16.174	12.34	44.59	5.05	41.062	1.568	-44.982	-0.91769	-0.08173	-0.38864	0.00299	23.1	13111	100
2024-10-24 22:43:24.817	WT901BLE68(B2C0FB98454F)	-0.531	-0.005	0.386	18.738	10.498	13.855	14.12	46.45	5.65	41.062	1.568	-44.982	-0.91769	-0.08173	-0.38864	0.00299	23.1	13111	100
2024-10-24 22:43:24.907	WT901BLE68(B2C0FB98454F)	-0.757	0.141	0.604	12.268	-18.738	19.653	16.96	45.07	7.68	42.042	4.900	-42.826	-0.91769	-0.08173	-0.38864	0.00299	23.1	13111	100
2024-10-24 22:43:24.997	WT901BLE68(B2C0FB98454F)	-0.659	0.388	0.765	25.513	0.977	28.870	20.65	42.42	10.39	42.042	4.900	-42.826	-0.91769	-0.08173	-0.38864	0.00299	23.1	13111	100
2024-10-24 22:43:25.92	WT901BLE68(B2C0FB98454F)	-0.724	0.379	0.773	13.672	-6.409	22.522	25.32	41.50	13.22	42.042	4.900	-42.826	-0.91547	-0.16779	-0.36423	-0.03220	23.1	13111	100
2024-10-24 22:43:25.207	WT901BLE68(B2C0FB98454F)	-0.736	0.423	0.770	11.841	-5.371	20.142	27.86	39.68	15.28	42.042	4.900	-42.826	-0.91547	-0.16779	-0.36423	-0.03220	23.1	13111	100
2024-10-24 22:43:25.328	WT901BLE68(B2C0FB98454F)	-0.731	0.485	0.801	-0.427	-5.127	8.179	29.35	38.49	16.38	40.964	-4.704	-45.864	-0.91547	-0.16779	-0.36423	-0.03220	23.1	13111	100
2024-10-24 22:43:25.417	WT901BLE68(B2C0FB98454F)	-0.723	0.461	0.766	0.610	2.197	-1.465	29.83	38.12	16.66	40.964	-4.704	-45.864	-0.91547	-0.16779	-0.36423	-0.03220	23.1	13111	100
2024-10-24 22:43:25.507	WT901BLE68(B2C0FB98454F)	-0.806	0.490	0.813	-11.169	2.686	-11.475	28.84	38.62	15.99	40.964	-4.704	-45.864	-0.91760	-0.18051	-0.35126	-0.04395	23.1	13111	100
2024-10-24 22:43:25.628	WT901BLE68(B2C0FB98454F)	-0.676	0.447	0.798	-16.113	10.864	-25.879	26.20	39.71	14.52	40.964	-4.704	-45.864	-0.91760	-0.18051	-0.35126	-0.04395	23.1	13111	100
2024-10-24 22:43:25.693	WT901BLE68(B2C0FB98454F)	-0.683	0.233	0.718	-11.780	23.865	-30.579	23.12	42.71	12.12	42.140	1.176	-43.904	-0.91760	-0.18051	-0.35126	-0.04395	23.1	13111	100
2024-10-24 22:43:25.806	WT901BLE68(B2C0FB98454F)	-0.548	0.075	0.621	-27.649	5.493	-28.503	18.53	44.76	8.94	42.140	1.176	-43.904	-0.91760	-0.18051	-0.35126	-0.04395	23.1	13111	100
2024-10-24 22:43:25.897	WT901BLE68(B2C0FB98454F)	-0.389	0.114	0.452	-10.803	11.719	-18.311	14.01	46.15	5.67	42.140	1.176	-43.904	-0.91150	-0.08865	-0.40143	0.00800	23.1	13111	100
2024-10-24 22:43:26.18	WT901BLE68(B2C0FB98454F)	-0.378	0.050	0.375	14.465	9.888	5.615	13.85	47.56	4.97	42.140	1.176	-43.904	-0.91150	-0.08865	-0.40143	0.00800	23.1	13111	100
2024-10-24 22:43:26.108	WT901BLE68(B2C0FB98454F)	-0.841	0.037	0.534	11.169	-25.940	21.729	16.63	46.76	6.89	42.532	5.194	-42.238	-0.91150	-0.08865	-0.40143	0.00800	23.1	13111	100
2024-10-24 22:43:26.228	WT901BLE68(B2C0FB98454F)	-0.731	0.375	0.768	17.822	-17.700	27.283	18.51	42.79	8.98	42.532	5.194	-42.238	-0.91150	-0.08865	-0.40143	0.00800	23.1	13111	100
2024-10-24 22:43:26.293	WT901BLE68(B2C0FB98454F)	-0.746	0.350	0.811	23.987	-4.150	26.672	23.63	41.56	11.95	42.532	5.194	-42.238	-0.91721	-0.16562	-0.36105	-0.02856	23.1	13111	100
2024-10-24 22:43:26.407	WT901BLE68(B2C0FB98454F)	-0.692	0.435	0.721	6.897	-6.897	19.897	26.59	39.74	13.94	42.532	5.194	-42.238	-0.91721	-0.16562	-0.36105	-0.02856	23.1	13111	100
2024-10-24 22:43:26.497	WT901BLE68(B2C0FB98454F)	-0.747	0.453	0.718	12.085	-2.197	15.015	28.85	38.56	15.39	40.670	-4.606	-46.256	-0.91721	-0.16562	-0.36105	-0.02856	23.1	13111	100
2024-10-24 22:43:26.617	WT901BLE68(B2C0FB98454F)	-0.722	0.558	0.781	-2.991	-4.700	1.953	29.41	37.61	15.66	40.670	-4.606	-46.256	-0.91721	-0.16562	-0.36105	-0.02856	23.1	13111	100
2024-10-24 22:43:26.708	WT901BLE68(B2C0FB98454F)	-0.704	0.488	0.850	1.770	9.094	-7.263	29.18	37.92	15.29	40.670	-4.606	-46.256	-0.91708	-0.18796	-0.34940	-0.03836	23.1	13111	100
2024-10-24 22:43:26.827	WT901BLE68(B2C0FB98454F)	-0.841	0.417	0.811	-17.395	3.479	-16.846	27.94	39.07	14.63	40.670	-4.606	-46.256	-0.91708	-0.18796	-0.34940	-0.03836	23.1	13111	100
2024-10-24 22:43:26.918	WT901BLE68(B2C0FB98454F)	-0.606	0.462	0.783	-20.691	11.658	-26.733	24.42	40.62	12.73	41.356	-0.294	-45.080	-0.91708	-0.18796	-0.34940	-0.03836	23.1	13111	100
2024-10-24 22:43:27.37	WT901BLE68(B2C0FB98454F)	-0.667	0.109	0.669	-21.790	13.123	-31.250	20.64	43.31	10.11	41.356	-0.294	-45.080	-0.91708	-0.18796	-0.34940	-0.03836	23.1	13111	100
2024-10-24 22:43:27.97	WT901BLE68(B2C0FB98454F)	-0.503	0.057	0.604	-28.442	1.587	-22.888	15.17	44.52	6.61	41.356	-0.294	-45.080	-0.91901	-0.08707	-0.38437	0.00174	23.1	13111	100
2024-10-24 22:43:27.217	WT901BLE68(B2C0FB98454F)	-0.328	0.080	0.425	-1.770	19.897	-6.042	12.77	45.88	4.67	41.356	-0.294	-45.080	-0.91901	-0.08707	-0.38437	0.00174	23.1	13111	100
2024-10-24 22:43:27.307	WT901BLE68(B2C0FB98454F)	-0.688	-0.014	0.384	18.311	2.563	18.555	15.24	46.69	6.43	42.336	5.488	-42.140	-0.91901	-0.08707	-0.38437	0.00174	23.1	13111	100
2024-10-24 22:43:27.427	WT901BLE68(B2C0FB98454F)	-0.761	0.208	0.637	14.648	-24.780	22.583	17.43	44.29	8.30	42.336	5.488	-42.140	-0.91901	-0.08707	-0.38437	0.00174	23.1	13111	100
2024-10-24 22:43:27.579	WT901BLE68(B2C0FB98454F)	-0.665	0.373	0.771	28.015	2.747	22.827	21.71	42.67	10.69	42.336	5.488	-42.140	-0.91403	-0.16080	-0.37149	-0.02460	23.1	13111	100
2024-10-24 22:43:27.638	WT901BLE68(B2C0FB98454F)	-0.715	0.376	0.749	17.273	-2.502	24.536	26.16	41.77	13.69	42.336	5.488	-42.140	-0.91403	-0.16080	-0.37149	-0.02460	23.1	13111	100
2024-10-24 22:43:27.697	WT901BLE68(B2C0FB98454F)	-0.706	0.520	0.700	8.484	-1.953	13.428	28.64	40.40	15.63	41.846	-4.018	-44.982	-0.91403	-0.16080	-0.37149	-0.02460	23.1	13111	100
2024-10-24 22:43:27.818	WT901BLE68(B2C0FB98454F)	-0.763	0.491	0.731	4.639	-3.418	4.639	30.39	39.72	16.52	41.846	-4.018	-44.982	-0.91403	-0.16080	-0.37149	-0.02460	23.1	13111	100
2024-10-24 22:43:27.907	WT901BLE68(B2C0FB98454F)	-0.759	0.477	0.818	-12.634	-4.822	-4.761	30.02	39.18	16.07	41.846	-4.018	-44.982	-0.91458	-0.18942	-0.35489	-0.03989	23.1	13111	100
2024-10-24 22:43:28.27	WT901BLE68(B2C0FB98454F)	-0.765	0.435	0.806	-15.259	3.845	-15.015	28.50	39.66	15.12	41.846	-4.018	-44.982	-0.91458	-0.18942	-0.35489	-0.03989	23.1	13111	100
2024-10-24 22:43:28.118	WT901BLE68(B2C0FB98454F)	-0.575	0.458	0.798	-23.071	13.123	-27.344	25.51	41.28	13.24	41.944	-0.196	-44.296	-0.91458	-0.18942	-0.35489	-0.03989	23.1	13111	100
2024-10-24 22:43:28.238	WT901BLE68(B2C0FB98454F)	-0.591	0.223	0.660	-27.832	8.362	-30.029	21.81	43.80	10.71	41.944	-0.196	-44.296	-0.91458	-0.18942	-0.35489	-0.03989	23.1	13111	100
2024-10-24 22:43:28.328	WT901BLE68(B2C0FB98454F)	-0.598	0.080	0.559	-27.283	1.160	-20.752	16.38	44.26	7.66	41.944	-0.196	-44.296	-0.91943	-0.08734	-0.38327	-0.00089	23.1	13111	100
2024-10-24 22:43:28.447	WT901BLE68(B2C0FB98454F)	-0.372	0.143	0.500	3.662	22.522	-12.390	13.04	45.34	5.08	41.944	-0.196	-44.296	-0.91943	-0.08734	-0.38327	-0.00089	23.1	13111	100
2024-10-24 22:43:28.507	WT901BLE68(B2C0FB98454F)	-0.605	-0.076	0.392	20.081	12.268	16.174	15.30	47.29	5.77	42.826	5.782	-41.454	-0.91943	-0.08734	-0.38327	-0.00089	23.1	13111	100
2024-10-24 22:43:28.657	WT901BLE68(B2C0FB98454F)	-0.790	0.132	0.618	2.136	-39.551	21.301	17.09	45.31	7.72	42.826	5.782	-41.454	-0.91943	-0.08734	-0.38327	-0.00089	23.1	13111	100
2024-10-24 22:43:28.718	WT901BLE68(B2C0FB98454F)	-0.717	0.310	0.769	31.006	-4.089	24.231	19.67	42.18	9.46	42.826	5.782	-41.454	-0.91876	-0.14883	-0.36508	-0.01886	23.1	13111	100
2024-10-24 22:43:28.838	WT901BLE68(B2C0FB98454F)	-0.654	0.396	0.746	14.526	-5.493	20.508	23.93	41.27	11.84	42.826	5.782	-41.454	-0.91876	-0.14883	-0.36508	-0.01886	23.1	13111	100
2024-10-24 22:43:28.929	WT901BLE68(B2C0FB98454F)	-0.744	0.377	0.696	23.376	1.099	19.409	27.42	40.16	14.25	41.258	-3.626	-45.276	-0.91876	-0.14883	-0.36508	-0.01886	23.1	13111	100
2024-10-24 22:43:29.48	WT901BLE68(B2C0FB98454F)	-0.771	0.464	0.774	2.930	-11.841	11.963	29.00	38.54	15.59	41.258	-3.626	-45.276	-0.91876	-0.14883	-0.36508	-0.01886	23.1	13111	100
2024-10-24 22:43:29.107	WT901BLE68(B2C0FB98454F)	-0.671	0.487	0.769	7.751	10.010	0.000	30.32	38.41	16.36	41.258	-3.626	-45.276	-0.91077	-0.19995	-0.35864	-0.04187	23.1	13111	100
2024-10-24 22:43:29.228	WT901BLE68(B2C0FB98454F)	-0.798	0.415	0.805	-8.362	-1.831	-7.080	30.69	39.59	16.47	41.258	-3.626	-45.276	-0.91077	-0.19995	-0.35864	-0.04187	23.1	13111	100
2024-10-24 22:43:29.317	WT901BLE68(B2C0FB98454F)	-0.778	0.488	0.792	-17.517	4.333	-19.409	28.16	40.02	15.19	41.650	-2.744	-44.688	-0.91077	-0.19995	-0.35864	-0.04187	23.1	13111	100
2024-10-24 22:43:29.438	WT901BLE68(B2C0FB98454F)	-0.659	0.367	0.789	-19.409	20.325	-29.846	24.98	42.48	12.97	41.650	-2.744	-44.688	-0.91077	-0.19995	-0.35864	-0.04187	23.1	13111	100
2024-10-24 22:43:29.528	WT901BLE68(B2C0FB98454F)	-0.476	0.228	0.671	-31.250	9.949	-27.039	21.10	45.27	10.63	41.650	-2.744	-44.688	-0.90936	-0.10788	-0.40155	-0.00711	23.1	13111	100
2024-10-24 22:43:29.648	WT901BLE68(B2C0FB98454F)	-0.563	0.148	0.506	-29.175	11.841	-27.161	15.77	47.40	7.42	41.650	-2.744	-44.688	-0.90936	-0.10788	-0.40155	-0.00711	23.1	13111	100
2024-10-24 22:43:29.738	WT901BLE68(B2C0FB98454F)	-0.351	0.172	0.369	4.395	9.277	-7.202	13.24	47.84	5.57	43.708	6.664	-39.690	-0.90936	-0.10788	-0.40155	-0.00711	23.1	13111	100
2024-10-24 22:43:29.856	WT901BLE68(B2C0FB98454F)	-0.732	-0.067	0.371	30.823	13.916	18.494	17.30	49.86	7.17	43.708	6.664	-39.690	-0.90936	-0.10788	-0.40155	-0.00711	23.1	13111	100
2024-10-24 22:43:29.917	WT901BLE68(B2C0FB98454F)	-0.767	0.161	0.550	11.414	-34.912	29.602	19.85	46.78	9.04	43.708	6.664	-39.690	-0.90735	-0.15088	-0.39215	-0.00793	23.1	13111	100
2024-10-24 22:43:30.36	WT901BLE68(B2C0FB98454F)	-0.796	0.361	0.739	21.729	-15.198	28.259	24.30	44.90	11.21	43.708	6.664	-39.690	-0.90735	-0.15088	-0.39215	-0.00793	23.1	13111	100
2024-10-24 22:43:30.128	WT901BLE68(B2C0FB98454F)	-0.769	0.352	0.738	17.700	-12.817	22.827	27.55	42.20	13.44	42.140	-3.038	-44.100	-0.90735	-0.15088	-0.39215	-0.00793	23.1	13111	100
2024-10-24 22:43:30.247	WT901BLE68(B2C0FB98454F)	-0.738	0.412	0.662	16.724	-3.845	17.273	29.79	40.50	14.72	42.140	-3.038	-44.100	-0.90735	-0.15088	-0.39215	-0.00793	23.1	13111	100
2024-10-24 22:43:30.337	WT901BLE68(B2C0FB98454F)	-0.797	0.468	0.768	0.977	-10.437	4.578	31.67	39.69	15.67	42.140	-3.038	-44.100	-0.91177	-0.20682	-0.35309	-0.03317	23.1	13111	100
2024-10-24 22:43:30.458	WT901BLE68(B2C0FB98454F)	-0.717	0.523	0.845	-12.268	-5.798	-5.432	30.83	38.87	15.18	42.140	-3.038	-44.100	-0.91177	-0.20682	-0.35309	-0.03317	23.1	13111	100
2024-10-24 22:43:30.518	WT901BLE68(B2C0FB98454F)	-0.709	0.463	0.841	-19.470	4.089	-14.282	29.12	39.45	14.46	41.454	-3.038	-45.178	-0.91177	-0.20682	-0.35309	-0.03317	23.1	13111	100
2024-10-24 22:43:30.638	WT901BLE68(B2C0FB98454F)	-0.743	0.457	0.786	-21.851	14.343	-26.367	26.02	41.12	12.93	41.454	-3.038	-45.178	-0.91177	-0.20682	-0.35309	-0.03317	23.1	13111	100
2024-10-24 22:43:30.729	WT901BLE68(B2C0FB98454F)	-0.640	0.290	0.667	-32.776	8.911	-29.846	21.73	43.09	10.54	41.454	-3.038	-45.178	-0.91498	-0.11163	-0.38757	-0.00397	23.1	13111	100
2024-10-24 22:43:30.848	WT901BLE68(B2C0FB98454F)	-0.543	0.048	0.577	-28.809	7.507	-23.010	16.79	45.24	7.37	41.454	-3.038	-45.178	-0.91498	-0.11163	-0.38757	-0.00397	23.1	13111	100
2024-10-24 22:43:30.938	WT901BLE68(B2C0FB98454F)	-0.351	0.050	0.417	-1.343	15.381	-10.559	13.06	46.30	4.85	42.532	7.056	-40.964	-0.91498	-0.11163	-0.38757	-0.00397	23.1	13111	100
2024-10-24 22:43:31.58	WT901BLE68(B2C0FB98454F)	-0.545	-0.062	0.329	25.269	15.991	17.456	15.20	48.30	5.35	42.532	7.056	-40.964	-0.91498	-0.11163	-0.38757	-0.00397	23.1	13111	100
2024-10-24 22:43:31.148	WT901BLE68(B2C0FB98454F)	-0.817	0.158	0.615	9.338	-25.391	24.780	18.07	47.02	7.47	42.532	7.056	-40.964	-0.91489	-0.12857	-0.38248	-0.00769	23.1	13111	100
2024-10-24 22:43:31.268	WT901BLE68(B2C0FB98454F)	-0.765	0.358	0.752	26.611	-14.709	30.701	20.97	43.61	9.72	42.532	7.056	-40.964	-0.91489	-0.12857	-0.38248	-0.00769	23.1	13111	100
2024-10-24 22:43:31.329	WT901BLE68(B2C0FB98454F)	-0.699	0.384	0.733	32.959	3.418	21.851	25.72	41.95	12.34	42.042	-2.842	-44.492	-0.91489	-0.12857	-0.38248	-0.00769	23.1	13111	100
2024-10-24 22:43:31.448	WT901BLE68(B2C0FB98454F)	-0.684	0.450	0.758	12.390	-8.240	15.442	29.21	40.80	14.38	42.042	-2.842	-44.492	-0.91489	-0.12857	-0.38248	-0.00769	23.1	13111	100
2024-10-24 22:43:31.538	WT901BLE68(B2C0FB98454F)	-0.769	0.456	0.780	5.127	-7.568	10.803	30.71	39.21	15.38	42.042	-2.842	-44.492	-0.91479	-0.20395	-0.34665	-0.03586	23.1	13111	100
2024-10-24 22:43:31.658	WT901BLE68(B2C0FB98454F)	-0.716	0.506	0.810	-0.977	-0.793	-2.441	30.64	38.29	15.27	42.042	-2.842	-44.492	-0.91479	-0.20395	-0.34665	-0.03586	23.1	13111	100
2024-10-24 22:43:31.748	WT901BLE68(B2C0FB98454F)	-0.758	0.493	0.872	-7.141	6.409	-11.353	29.53	38.92	14.50	41.062	-3.822	-45.668	-0.91479	-0.20395	-0.34665	-0.03586	23.1	13111	100
2024-10-24 22:43:31.868	WT901BLE68(B2C0FB98454F)	-0.724	0.446	0.839	-16.663	13.000	-26.855	26.79	40.21	13.13	41.062	-3.822	-45.668	-0.91479	-0.20395	-0.34665	-0.03586	23.1	13111	100
2024-10-24 22:43:31.929	WT901BLE68(B2C0FB98454F)	-0.596	0.328	0.761	-10.254	24.109	-29.053	23.75	42.75	11.11	41.062	-3.822	-45.668	-0.91638	-0.13116	-0.37805	-0.00140	23.1	13111	100
2024-10-24 22:43:32.48	WT901BLE68(B2C0FB98454F)	-0.844	0.080	0.599	-49.377	-28.809	-35.461	17.94	43.49	7.01	41.062	-3.822	-45.668	-0.91638	-0.13116	-0.37805	-0.00140	23.1	13111	100
2024-10-24 22:43:32.138	WT901BLE68(B2C0FB98454F)	-0.239	0.197	0.343	-48.218	-4.272	-26.733	10.23	42.04	2.09	40.670	7.350	-43.610	-0.91638	-0.13116	-0.37805	-0.00140	23.1	13111	100
2024-10-24 22:43:32.258	WT901BLE68(B2C0FB98454F)	-0.431	-0.122	0.345	25.208	21.667	10.010	13.82	44.95	3.33	40.670	7.350	-43.610	-0.91638	-0.13116	-0.37805	-0.00140	23.1	13111	100
2024-10-24 22:43:32.348	WT901BLE68(B2C0FB98454F)	-0.770	0.013	0.529	17.212	-9.277	25.818	17.12	45.14	5.39	40.670	7.350	-43.610	-0.91638	-0.13116	-0.37805	-0.00140	23.1	13111	100
2024-10-24 22:43:32.468	WT901BLE68(B2C0FB98454F)	-0.883	0.291	0.680	23.926	-1.465	27.039	20.01	42.81	8.24	40.670	7.350	-43.610	-0.91843	-0.14301	-0.36868	-0.00531	23.1	13111	100
2024-10-24 22:43:32.588	WT901BLE68(B2C0FB98454F)	-0.627	0.457	0.718	19.165	-8.484	27.283	23.87	40.80	10.84	40.670	7.350	-43.610	-0.91843	-0.14301	-0.36868	-0.00531	23.1	13111	100
2024-10-24 22:43:32.679	WT901BLE68(B2C0FB98454F)	-0.721	0.375	0.700	19.226	2.563	22.095	28.17	40.06	13.45	41.160	-2.646	-45.276	-0.91843	-0.14301	-0.36868	-0.00531	23.1	13111	100
2024-10-24 22:43:32.738	WT901BLE68(B2C0FB98454F)	-0.710	0.460	0.782	1.953	-15.320	10.498	29.78	38.57	14.71	41.160	-2.646	-45.276	-0.91660	-0.20221	-0.34286	-0.03622	23.1	13111	100
2024-10-24 22:43:32.858	WT901BLE68(B2C0FB98454F)	-0.680	0.456	0.791	5.737	4.089	-0.854	30.34	37.93	15.11	41.160	-2.646	-45.276	-0.91660	-0.20221	-0.34286	-0.03622	23.1	13111	100
2024-10-24 22:43:32.948	WT901BLE68(B2C0FB98454F)	-0.792	0.464	0.838	-16.296	-3.418	-6.653	29.62	38.16	14.80	40.474	-3.724	-46.452	-0.91660	-0.20221	-0.34286	-0.03622	23.1	13111	100
2024-10-24 22:43:33.68	WT901BLE68(B2C0FB98454F)	-0.748	0.532	0.832	-18.921	12.939	-20.752	26.67	38.70	13.65	40.474	-3.724	-46.452	-0.91660	-0.20221	-0.34286	-0.03622	23.1	13111	100
2024-10-24 22:43:33.158	WT901BLE68(B2C0FB98454F)	-0.612	0.392	0.722	-5.371	34.546	-30.701	24.44	41.93	11.88	40.474	-3.724	-46.452	-0.91660	-0.20221	-0.34286	-0.03622	23.1	13111	100
2024-10-24 22:43:33.278	WT901BLE68(B2C0FB98454F)	-0.580	0.125	0.606	-23.438	17.822	-32.104	22.13	45.73	10.13	40.474	-3.724	-46.452	-0.90738	-0.13950	-0.39630	-0.00568	23.1	13111	100
2024-10-24 22:43:33.337	WT901BLE68(B2C0FB98454F)	-0.408	0.148	0.500	-34.180	-16.113	-18.982	16.19	46.34	7.04	40.474	-3.724	-46.452	-0.90738	-0.13950	-0.39630	-0.00568	23.1	13111	100
2024-10-24 22:43:33.458	WT901BLE68(B2C0FB98454F)	-0.499	0.049	0.352	18.738	14.526	6.653	15.10	46.93	6.27	42.728	5.978	-41.454	-0.90738	-0.13950	-0.39630	-0.00568	23.1	13111	100
2024-10-24 22:43:33.549	WT901BLE68(B2C0FB98454F)	-0.814	0.039	0.464	17.517	-12.634	17.090	18.36	46.56	8.01	42.728	5.978	-41.454	-0.91281	-0.13351	-0.38574	-0.00754	23.1	13111	100
2024-10-24 22:43:33.668	WT901BLE68(B2C0FB98454F)	-0.723	0.291	0.723	23.560	-12.451	28.198	21.12	44.40	9.71	42.728	5.978	-41.454	-0.91281	-0.13351	-0.38574	-0.00754	23.1	13111	100
2024-10-24 22:43:33.788	WT901BLE68(B2C0FB98454F)	-0.669	0.354	0.753	24.780	0.244	24.536	25.85	43.28	12.55	42.728	5.978	-41.454	-0.91281	-0.13351	-0.38574	-0.00754	23.1	13111	100
2024-10-24 22:43:33.879	WT901BLE68(B2C0FB98454F)	-0.769	0.421	0.662	16.724	-5.615	22.766	29.37	41.85	15.14	42.532	-2.940	-43.806	-0.91281	-0.13351	-0.38574	-0.00754	23.1	13111	100
2024-10-24 22:43:33.968	WT901BLE68(B2C0FB98454F)	-0.694	0.512	0.767	4.883	-11.108	13.123	31.00	40.04	16.24	42.532	-2.940	-43.806	-0.91281	-0.13351	-0.38574	-0.00754	23.1	13111	100
2024-10-24 22:43:34.88	WT901BLE68(B2C0FB98454F)	-0.715	0.494	0.730	2.686	-0.183	0.366	32.24	39.59	16.77	42.532	-2.940	-43.806	-0.90820	-0.20975	-0.35992	-0.03922	23.1	13111	100
2024-10-24 22:43:34.148	WT901BLE68(B2C0FB98454F)	-0.770	0.471	0.779	-3.662	1.160	-5.432	32.02	39.63	16.34	42.532	-2.940	-43.806	-0.90820	-0.20975	-0.35992	-0.03922	23.1	13111	100
2024-10-24 22:43:34.297	WT901BLE68(B2C0FB98454F)	-0.786	0.464	0.837	-20.020	-2.869	-14.465	29.53	39.56	15.02	41.356	-4.802	-45.374	-0.90820	-0.20975	-0.35992	-0.03922	23.1	13111	100
2024-10-24 22:43:34.358	WT901BLE68(B2C0FB98454F)	-0.762	0.372	0.818	-12.329	16.296	-27.283	26.40	41.18	13.17	41.356	-4.802	-45.374	-0.91013	-0.15332	-0.38467	-0.00961	23.1	13111	100
2024-10-24 22:43:34.479	WT901BLE68(B2C0FB98454F)	-0.638	0.197	0.692	-3.174	30.151	-41.199	23.60	44.43	10.73	41.356	-4.802	-45.374	-0.91013	-0.15332	-0.38467	-0.00961	23.1	13111	100
2024-10-24 22:43:34.568	WT901BLE68(B2C0FB98454F)	-0.528	0.203	0.540	-29.358	4.333	-33.691	17.90	46.21	6.67	41.356	-4.802	-45.374	-0.91013	-0.15332	-0.38467	-0.00961	23.1	13111	100
2024-10-24 22:43:34.688	WT901BLE68(B2C0FB98454F)	-0.363	0.116	0.418	-7.751	9.399	-9.766	14.56	47.45	4.23	42.630	5.880	-41.356	-0.91013	-0.15332	-0.38467	-0.00961	23.1	13111	100
2024-10-24 22:43:34.748	WT901BLE68(B2C0FB98454F)	-0.573	-0.040	0.293	24.719	16.174	15.930	17.36	49.12	5.70	42.630	5.880	-41.356	-0.91013	-0.15332	-0.38467	-0.00961	23.1	13111	100
2024-10-24 22:43:34.868	WT901BLE68(B2C0FB98454F)	-0.793	0.115	0.545	6.714	-26.428	23.010	20.28	47.63	7.84	42.630	5.880	-41.356	-0.90457	-0.13342	-0.40469	0.00748	23.1	13111	100
2024-10-24 22:43:34.958	WT901BLE68(B2C0FB98454F)	-0.725	0.289	0.780	22.888	-19.470	30.884	23.36	44.28	9.93	42.630	5.880	-41.356	-0.90457	-0.13342	-0.40469	0.00748	23.1	13111	100
2024-10-24 22:43:35.79	WT901BLE68(B2C0FB98454F)	-0.659	0.494	0.751	7.874	-16.724	27.588	26.58	42.04	12.10	42.238	-1.666	-44.002	-0.90457	-0.13342	-0.40469	0.00748	23.1	13111	100
2024-10-24 22:43:35.167	WT901BLE68(B2C0FB98454F)	-0.711	0.406	0.694	11.292	-6.836	18.433	29.78	40.77	14.40	42.238	-1.666	-44.002	-0.90457	-0.13342	-0.40469	0.00748	23.1	13111	100
2024-10-24 22:43:35.288	WT901BLE68(B2C0FB98454F)	-0.669	0.507	0.727	4.089	-11.475	8.728	31.17	39.38	15.25	42.238	-1.666	-44.002	-0.91162	-0.20816	-0.35278	-0.03229	23.1	13111	100
2024-10-24 22:43:35.378	WT901BLE68(B2C0FB98454F)	-0.731	0.440	0.700	2.136	-1.160	1.587	32.14	38.98	15.74	42.238	-1.666	-44.002	-0.91162	-0.20816	-0.35278	-0.03229	23.1	13111	100
2024-10-24 22:43:35.497	WT901BLE68(B2C0FB98454F)	-0.665	0.484	0.781	-8.911	-2.747	-3.723	31.43	38.62	15.46	41.160	-6.076	-45.668	-0.91162	-0.20816	-0.35278	-0.03229	23.1	13111	100
2024-10-24 22:43:35.557	WT901BLE68(B2C0FB98454F)	-0.663	0.423	0.785	-10.193	7.263	-12.390	30.16	39.43	14.80	41.160	-6.076	-45.668	-0.91162	-0.20816	-0.35278	-0.03229	23.1	13111	100
2024-10-24 22:43:35.678	WT901BLE68(B2C0FB98454F)	-0.773	0.375	0.755	-19.897	7.019	-20.508	27.58	40.76	13.63	41.160	-6.076	-45.668	-0.91428	-0.17685	-0.36337	-0.02536	23.1	13111	100
2024-10-24 22:43:35.767	WT901BLE68(B2C0FB98454F)	-0.745	0.252	0.684	-8.789	16.113	-25.940	24.46	42.46	11.55	41.160	-6.076	-45.668	-0.91428	-0.17685	-0.36337	-0.02536	23.1	13111	100
2024-10-24 22:43:35.888	WT901BLE68(B2C0FB98454F)	-0.712	0.157	0.676	-17.212	8.484	-32.227	20.93	44.95	8.55	42.434	2.156	-43.022	-0.91428	-0.17685	-0.36337	-0.02536	23.1	13111	100
2024-10-24 22:43:35.978	WT901BLE68(B2C0FB98454F)	-0.655	0.194	0.626	-15.137	0.244	-24.292	16.34	45.91	5.28	42.434	2.156	-43.022	-0.91428	-0.17685	-0.36337	-0.02536	23.1	13111	100
2024-10-24 22:43:36.97	WT901BLE68(B2C0FB98454F)	-0.481	0.192	0.540	-12.268	16.541	-20.386	12.80	46.82	2.45	42.434	2.156	-43.022	-0.91010	-0.08945	-0.40347	0.02841	23.1	13111	100
2024-10-24 22:43:36.157	WT901BLE68(B2C0FB98454F)	-0.774	0.000	0.456	-4.761	4.761	0.000	12.12	48.76	1.63	42.434	2.156	-43.022	-0.91010	-0.08945	-0.40347	0.02841	23.1	13111	100
2024-10-24 22:43:36.278	WT901BLE68(B2C0FB98454F)	-0.957	-0.012	0.565	-9.216	-18.127	-1.587	10.76	47.65	1.70	42.336	8.918	-40.572	-0.91010	-0.08945	-0.40347	0.02841	23.1	13111	100
2024-10-24 22:43:36.367	WT901BLE68(B2C0FB98454F)	-0.882	-0.076	0.781	-17.700	13.000	-13.672	8.54	47.84	-0.15	42.336	8.918	-40.572	-0.91010	-0.08945	-0.40347	0.02841	23.1	13111	100
2024-10-24 22:43:36.488	WT901BLE68(B2C0FB98454F)	-0.901	-0.229	0.604	-42.358	63.660	-47.485	2.33	51.97	-5.15	42.336	8.918	-40.572	-0.89206	-0.02417	-0.44791	0.05383	23.1	13111	100
2024-10-24 22:43:36.578	WT901BLE68(B2C0FB98454F)	-0.911	-0.250	0.405	-68.481	133.789	-77.026	-22.04	59.02	-20.65	42.336	8.918	-40.572	-0.89206	-0.02417	-0.44791	0.05383	23.1	13111	100
2024-10-24 22:43:36.698	WT901BLE68(B2C0FB98454F)	-1.067	-0.827	0.299	-204.590	91.614	-120.850	-63.52	59.16	-47.32	38.024	30.674	-5.390	-0.89206	-0.02417	-0.44791	0.05383	23.1	13111	100
2024-10-24 22:43:36.793	WT901BLE68(B2C0FB98454F)	-0.297	-0.750	-0.029	-153.503	70.557	-97.473	-94.60	50.49	-60.19	38.024	30.674	-5.390	-0.89206	-0.02417	-0.44791	0.05383	23.1	13111	100
2024-10-24 22:43:36.907	WT901BLE68(B2C0FB98454F)	-0.246	-0.903	-0.020	-170.593	81.970	-98.694	-114.91	38.75	-67.45	38.024	30.674	-5.390	-0.54099	0.60489	-0.58328	0.03387	23.1	13111	100
2024-10-24 22:43:36.968	WT901BLE68(B2C0FB98454F)	-0.616	-0.185	-0.035	-55.542	69.702	-38.879	-127.53	32.88	-66.41	38.024	30.674	-5.390	-0.54099	0.60489	-0.58328	0.03387	23.1	13111	100
2024-10-24 22:43:37.87	WT901BLE68(B2C0FB98454F)	-0.390	-0.943	-0.660	69.031	7.629	-57.434	-122.51	28.02	-62.47	8.722	25.578	36.554	-0.54099	0.60489	-0.58328	0.03387	23.1	13111	100
2024-10-24 22:43:37.178	WT901BLE68(B2C0FB98454F)	-0.338	-0.614	-0.380	-9.338	1.587	-6.165	-121.86	26.04	-60.46	8.722	25.578	36.554	-0.54099	0.60489	-0.58328	0.03387	23.1	13111	100
2024-10-24 22:43:37.297	WT901BLE68(B2C0FB98454F)	-0.252	-0.703	-0.622	-2.136	24.902	14.648	-121.96	25.77	-61.40	8.722	25.578	36.554	-0.50040	0.67984	-0.53146	0.06973	23.1	13111	100
2024-10-24 22:43:37.394	WT901BLE68(B2C0FB98454F)	-0.299	-0.709	-0.591	-24.109	-9.583	14.648	-125.13	26.73	-61.41	8.722	25.578	36.554	-0.50040	0.67984	-0.53146	0.06973	23.1	13111	100
2024-10-24 22:43:37.507	WT901BLE68(B2C0FB98454F)	-0.310	-0.714	-0.632	2.197	4.211	-5.005	-125.94	26.66	-59.36	6.958	24.598	37.436	-0.50040	0.67984	-0.53146	0.06973	23.1	13111	100
2024-10-24 22:43:37.567	WT901BLE68(B2C0FB98454F)	-0.407	-0.700	-0.694	16.357	-12.207	1.282	-125.44	26.54	-58.28	6.958	24.598	37.436	-0.50040	0.67984	-0.53146	0.06973	23.1	13111	100
2024-10-24 22:43:37.687	WT901BLE68(B2C0FB98454F)	-0.320	-0.671	-0.547	26.489	-30.029	14.221	-122.69	27.65	-55.37	6.958	24.598	37.436	-0.51889	0.69717	-0.49393	0.02454	23.1	13111	100
2024-10-24 22:43:37.778	WT901BLE68(B2C0FB98454F)	-0.536	-0.723	-0.528	36.987	-25.757	3.601	-119.11	29.62	-52.68	6.958	24.598	37.436	-0.51889	0.69717	-0.49393	0.02454	23.1	13111	100
2024-10-24 22:43:37.897	WT901BLE68(B2C0FB98454F)	-0.382	-0.763	-0.476	37.720	-25.635	22.522	-114.68	31.21	-48.91	13.328	30.184	30.380	-0.51889	0.69717	-0.49393	0.02454	23.1	13111	100
2024-10-24 22:43:37.994	WT901BLE68(B2C0FB98454F)	-0.402	-0.896	-0.390	44.678	-31.616	8.301	-109.91	33.88	-46.83	13.328	30.184	30.380	-0.51889	0.69717	-0.49393	0.02454	23.1	13111	100
2024-10-24 22:43:38.107	WT901BLE68(B2C0FB98454F)	-0.572	-0.671	-0.210	74.646	-20.508	3.967	-102.95	34.72	-41.78	13.328	30.184	30.380	-0.65091	0.62122	-0.43619	-0.00281	23.1	13111	100
2024-10-24 22:43:38.196	WT901BLE68(B2C0FB98454F)	-0.604	-0.727	-0.096	78.674	-12.512	-2.197	-94.97	34.62	-40.24	13.328	30.184	30.380	-0.65091	0.62122	-0.43619	-0.00281	23.1	13111	100
2024-10-24 22:43:38.318	WT901BLE68(B2C0FB98454F)	-0.497	-0.830	0.008	95.093	31.860	-10.742	-88.13	35.28	-43.58	18.718	40.376	6.860	-0.65091	0.62122	-0.43619	-0.00281	23.1	13111	100
2024-10-24 22:43:38.377	WT901BLE68(B2C0FB98454F)	-0.554	-0.844	0.087	80.139	37.842	-5.554	-82.19	35.47	-49.26	18.718	40.376	6.860	-0.65091	0.62122	-0.43619	-0.00281	23.1	13111	100
2024-10-24 22:43:38.497	WT901BLE68(B2C0FB98454F)	-0.449	-0.779	0.100	38.696	10.132	-4.700	-78.83	35.04	-53.39	18.718	40.376	6.860	-0.74490	0.42163	-0.48547	0.17758	23.1	13111	100
2024-10-24 22:43:38.592	WT901BLE68(B2C0FB98454F)	-0.605	-0.846	0.117	61.035	36.316	-1.282	-76.10	35.27	-59.09	18.718	40.376	6.860	-0.74490	0.42163	-0.48547	0.17758	23.1	13111	100
2024-10-24 22:43:38.707	WT901BLE68(B2C0FB98454F)	-0.617	-0.752	0.157	72.205	47.607	-1.587	-72.92	36.04	-66.05	17.542	42.336	-13.524	-0.74490	0.42163	-0.48547	0.17758	23.1	13111	100
2024-10-24 22:43:38.797	WT901BLE68(B2C0FB98454F)	-0.736	-0.851	0.201	74.036	54.504	-9.460	-70.29	37.27	-75.88	17.542	42.336	-13.524	-0.74490	0.42163	-0.48547	0.17758	23.1	13111	100
2024-10-24 22:43:38.917	WT901BLE68(B2C0FB98454F)	-0.769	-0.832	0.271	15.259	27.893	0.366	-69.27	38.29	-84.38	17.542	42.336	-13.524	-0.69080	0.20367	-0.56949	0.39609	23.1	13111	100
2024-10-24 22:43:38.979	WT901BLE68(B2C0FB98454F)	-0.706	-0.690	0.214	-31.067	92.163	5.554	-73.88	40.35	-95.01	17.542	42.336	-13.524	-0.69080	0.20367	-0.56949	0.39609	23.1	13111	100
2024-10-24 22:43:39.98	WT901BLE68(B2C0FB98454F)	-0.445	-0.913	0.167	-48.828	169.495	-12.634	-92.57	42.32	-115.58	22.638	41.454	-11.368	-0.69080	0.20367	-0.56949	0.39609	23.1	13111	100
2024-10-24 22:43:39.195	WT901BLE68(B2C0FB98454F)	-0.478	-0.712	0.002	-42.175	64.087	-10.437	-106.01	40.26	-129.28	22.638	41.454	-11.368	-0.69080	0.20367	-0.56949	0.39609	23.1	13111	100
2024-10-24 22:43:39.307	WT901BLE68(B2C0FB98454F)	-0.614	-0.728	-0.291	-54.321	-14.343	-26.550	-110.59	38.34	-128.74	22.638	41.454	-11.368	-0.47458	0.18411	-0.78113	0.36136	23.1	13111	100
2024-10-24 22:43:39.396	WT901BLE68(B2C0FB98454F)	-0.597	-0.692	-0.468	-96.130	-42.664	-4.761	-113.27	37.58	-125.85	22.638	41.454	-11.368	-0.47458	0.18411	-0.78113	0.36136	23.1	13111	100
2024-10-24 22:43:39.517	WT901BLE68(B2C0FB98454F)	-1.100	-0.557	-0.325	-67.749	-62.073	5.859	-115.99	39.30	-122.94	22.638	41.944	9.996	-0.47458	0.18411	-0.78113	0.36136	23.1	13111	100
2024-10-24 22:43:39.606	WT901BLE68(B2C0FB98454F)	-0.452	-0.613	-0.444	-34.729	-97.900	-17.883	-114.06	41.10	-115.32	22.638	41.944	9.996	-0.47458	0.18411	-0.78113	0.36136	23.1	13111	100
2024-10-24 22:43:39.728	WT901BLE68(B2C0FB98454F)	-0.652	-0.858	-0.083	51.208	-30.945	6.714	-114.64	41.73	-111.95	22.638	41.944	9.996	-0.54929	0.28137	-0.74457	0.25418	23.1	13111	100
2024-10-24 22:43:39.795	WT901BLE68(B2C0FB98454F)	-0.615	-0.642	0.064	1.038	-111.816	-15.808	-103.46	43.37	-97.49	22.638	41.944	9.996	-0.54929	0.28137	-0.74457	0.25418	23.1	13111	100
2024-10-24 22:43:39.907	WT901BLE68(B2C0FB98454F)	-0.583	-0.760	-0.100	68.787	-13.184	-14.648	-94.49	42.97	-88.64	26.264	53.312	-0.686	-0.54929	0.28137	-0.74457	0.25418	23.1	13111	100
2024-10-24 22:43:39.997	WT901BLE68(B2C0FB98454F)	-0.669	-0.838	0.058	7.385	-46.021	-12.634	-88.32	41.63	-86.37	26.264	53.312	-0.686	-0.54929	0.28137	-0.74457	0.25418	23.1	13111	100
2024-10-24 22:43:40.117	WT901BLE68(B2C0FB98454F)	-0.638	-0.768	0.125	5.493	-21.484	-3.052	-84.77	40.40	-82.99	26.264	53.312	-0.686	-0.67749	0.30719	-0.60416	0.28555	23.1	13111	100
2024-10-24 22:43:40.207	WT901BLE68(B2C0FB98454F)	-0.636	-0.762	0.158	0.610	-17.639	-4.822	-83.11	39.67	-81.11	26.264	53.312	-0.686	-0.67749	0.30719	-0.60416	0.28555	23.1	13111	100
2024-10-24 22:43:40.329	WT901BLE68(B2C0FB98454F)	-0.624	-0.786	0.151	0.549	-13.245	-3.662	-81.71	39.07	-79.51	24.500	63.504	-9.212	-0.67749	0.30719	-0.60416	0.28555	23.1	13111	100
2024-10-24 22:43:40.395	WT901BLE68(B2C0FB98454F)	-0.619	-0.785	0.153	8.545	-1.831	-1.404	-80.56	38.68	-78.74	24.500	63.504	-9.212	-0.67749	0.30719	-0.60416	0.28555	23.1	13111	100
2024-10-24 22:43:40.507	WT901BLE68(B2C0FB98454F)	-0.616	-0.798	0.117	8.301	3.540	-3.296	-79.73	38.45	-79.10	24.500	63.504	-9.212	-0.69165	0.30386	-0.58127	0.30215	23.1	13111	100
2024-10-24 22:43:40.597	WT901BLE68(B2C0FB98454F)	-0.624	-0.775	0.177	5.737	1.099	-0.671	-79.34	38.28	-80.27	24.500	63.504	-9.212	-0.69165	0.30386	-0.58127	0.30215	23.1	13111	100
2024-10-24 22:43:40.717	WT901BLE68(B2C0FB98454F)	-0.618	-0.775	0.166	7.019	4.028	-0.366	-78.84	38.25	-80.82	24.010	66.640	-13.034	-0.69165	0.30386	-0.58127	0.30215	23.1	13111	100
2024-10-24 22:43:40.807	WT901BLE68(B2C0FB98454F)	-0.596	-0.794	0.159	7.141	2.563	-0.610	-78.37	38.23	-81.69	24.010	66.640	-13.034	-0.69165	0.30386	-0.58127	0.30215	23.1	13111	100
